  5.0000000e+000  0.0000000e+000  7.9714100e-003  8.4346002e-002  1.0121200e-001  9.8776496e-002  1.0391403e-001  1.1121387e-001
  1.0000000e+001  0.0000000e+000  1.6601955e-002  1.2737968e-001  2.0923983e-001  2.3572121e-001  2.3661639e-001  2.3341040e-001
  1.5000000e+001  0.0000000e+000  2.5150108e-002  1.7044755e-001  3.0616430e-001  3.6353993e-001  3.6532584e-001  3.6439306e-001
  2.0000000e+001  3.7072691e-003  3.7828151e-002  2.2257814e-001  3.9112793e-001  4.6617531e-001  4.7244405e-001  4.7491329e-001
  2.5000000e+001  4.4712533e-002  7.8612110e-002  2.9252639e-001  4.5625403e-001  5.3243476e-001  5.4411910e-001  5.5734104e-001
  3.0000000e+001  1.4878234e-001  1.6304314e-001  3.8091927e-001  5.0848222e-001  5.7559575e-001  5.9124519e-001  6.1040462e-001
  3.5000000e+001  2.5959077e-001  2.4349877e-001  4.8690180e-001  5.9259718e-001  6.4240385e-001  6.4931480e-001  6.7364162e-001
  4.0000000e+001  3.5186285e-001  3.0367571e-001  5.7611546e-001  7.0290579e-001  7.4330182e-001  7.4051070e-001  7.4404624e-001
  4.5000000e+001  4.3016611e-001  3.5910481e-001  6.5540001e-001  8.0634553e-001  8.3704896e-001  8.2317855e-001  8.0924855e-001
  5.0000000e+001  4.9560658e-001  4.1872560e-001  7.3811587e-001  8.8753437e-001  9.0504581e-001  8.7942423e-001  8.5988439e-001
  5.5000000e+001  5.6047355e-001  4.9796595e-001  8.2206288e-001  9.4146872e-001  9.4434792e-001  9.1462092e-001  8.9618497e-001
  6.0000000e+001  6.2226819e-001  5.9311822e-001  8.8501174e-001  9.6626561e-001  9.6303883e-001  9.3621217e-001  9.2450867e-001
  6.5000000e+001  6.8791348e-001  7.0287445e-001  9.2833041e-001  9.7916354e-001  9.7379250e-001  9.5435276e-001  9.4462428e-001
  7.0000000e+001  7.5921185e-001  8.1119911e-001  9.5791250e-001  9.8637718e-001  9.8180289e-001  9.6948635e-001  9.6335260e-001
  7.5000000e+001  8.5013211e-001  9.0811251e-001  9.7878525e-001  9.9214986e-001  9.8930119e-001  9.8230307e-001  9.8046243e-001
  8.0000000e+001  9.3720173e-001  9.6273829e-001  9.8915893e-001  9.9546495e-001  9.9458659e-001  9.9137336e-001  9.9052023e-001
  8.5000000e+001  9.8920591e-001  9.8719837e-001  9.9469916e-001  9.9766617e-001  9.9767735e-001  9.9620428e-001  9.9583815e-001
  9.0000000e+001  9.9887348e-001  9.9752824e-001  9.9851805e-001  9.9923090e-001  9.9928675e-001  9.9891551e-001  9.9919075e-001
  9.5000000e+001  1.0000000e+000  1.0000000e+000  1.0000000e+000  1.0000000e+000  1.0000000e+000  1.0000000e+000  1.0000000e+000
