  5.0000000e+000  6.5057725e-002  2.8097000e+004
  1.0000000e+001  6.4997522e-002  2.8071000e+004
  1.5000000e+001  6.0917667e-002  2.6309000e+004
  2.0000000e+001  5.6330723e-002  2.4328000e+004
  2.5000000e+001  5.8477163e-002  2.5255000e+004
  3.0000000e+001  7.1121937e-002  3.0716000e+004
  3.5000000e+001  8.6626316e-002  3.7412000e+004
  4.0000000e+001  8.9441926e-002  3.8628000e+004
  4.5000000e+001  8.1569332e-002  3.5228000e+004
  5.0000000e+001  7.1133515e-002  3.0721000e+004
  5.5000000e+001  6.3682336e-002  2.7503000e+004
  6.0000000e+001  5.1607167e-002  2.2288000e+004
  6.5000000e+001  4.6890557e-002  2.0251000e+004
  7.0000000e+001  4.2412441e-002  1.8317000e+004
  7.5000000e+001  3.9712604e-002  1.7151000e+004
  8.0000000e+001  2.6396343e-002  1.1400000e+004
  8.5000000e+001  1.3804825e-002  5.9620000e+003
  9.0000000e+001  7.5113805e-003  3.2440000e+003
  9.5000000e+001  2.3085223e-003  9.9700000e+002
