  5.0000000e+000  1.8556176e-001  2.2900130e+006
  1.0000000e+001  1.5075049e-001  1.8604080e+006
  1.5000000e+001  1.2924295e-001  1.5949840e+006
  2.0000000e+001  1.0876685e-001  1.3422890e+006
  2.5000000e+001  9.6624943e-002  1.1924460e+006
  3.0000000e+001  8.2017021e-002  1.0121700e+006
  3.5000000e+001  6.2246784e-002  7.6818600e+005
  4.0000000e+001  4.3917357e-002  5.4198300e+005
  4.5000000e+001  3.3035720e-002  4.0769300e+005
  5.0000000e+001  2.7285689e-002  3.3673200e+005
  5.5000000e+001  2.2804681e-002  2.8143200e+005
  6.0000000e+001  1.8460535e-002  2.2782100e+005
  6.5000000e+001  1.4371636e-002  1.7736000e+005
  7.0000000e+001  1.0605969e-002  1.3088800e+005
  7.5000000e+001  7.1679912e-003  8.8460000e+004
  8.0000000e+001  4.2591448e-003  5.2562000e+004
  8.5000000e+001  2.0370352e-003  2.5139000e+004
  9.0000000e+001  6.9265192e-004  8.5480000e+003
  9.5000000e+001  1.5079846e-004  1.8610000e+003
