  5.0000000e+000  1.8799069e-001  2.4561690e+006
  1.0000000e+001  1.5283663e-001  1.9968680e+006
  1.5000000e+001  1.2813722e-001  1.6741610e+006
  2.0000000e+001  1.0675422e-001  1.3947840e+006
  2.5000000e+001  9.1502610e-002  1.1955160e+006
  3.0000000e+001  7.7034522e-002  1.0064850e+006
  3.5000000e+001  6.2638075e-002  8.1839000e+005
  4.0000000e+001  4.8190806e-002  6.2963100e+005
  4.5000000e+001  3.5810680e-002  4.6788000e+005
  5.0000000e+001  2.7205340e-002  3.5544800e+005
  5.5000000e+001  2.2222629e-002  2.9034700e+005
  6.0000000e+001  1.8674855e-002  2.4399400e+005
  6.5000000e+001  1.5156165e-002  1.9802100e+005
  7.0000000e+001  1.1468786e-002  1.4984400e+005
  7.5000000e+001  7.7298196e-003  1.0099300e+005
  8.0000000e+001  4.2759581e-003  5.5867000e+004
  8.5000000e+001  1.7797421e-003  2.3253000e+004
  9.0000000e+001  4.9918196e-004  6.5220000e+003
  9.5000000e+001  9.2075421e-005  1.2030000e+003
