  5.0000000e+000  1.9351054e-001  1.7605130e+006
  1.0000000e+001  1.5505273e-001  1.4106330e+006
  1.5000000e+001  1.2881035e-001  1.1718860e+006
  2.0000000e+001  1.0925455e-001  9.9397200e+005
  2.5000000e+001  8.3367856e-002  7.5846100e+005
  3.0000000e+001  6.4108177e-002  5.8324100e+005
  3.5000000e+001  5.2860247e-002  4.8091000e+005
  4.0000000e+001  4.7268433e-002  4.3003700e+005
  4.5000000e+001  3.8931219e-002  3.5418700e+005
  5.0000000e+001  3.2755854e-002  2.9800500e+005
  5.5000000e+001  2.6755588e-002  2.4341600e+005
  6.0000000e+001  2.1606740e-002  1.9657300e+005
  6.5000000e+001  1.7033968e-002  1.5497100e+005
  7.0000000e+001  1.2584412e-002  1.1449000e+005
  7.5000000e+001  8.3687605e-003  7.6137000e+004
  8.0000000e+001  4.8079951e-003  4.3742000e+004
  8.5000000e+001  2.1576733e-003  1.9630000e+004
  9.0000000e+001  6.3367226e-004  5.7650000e+003
  9.5000000e+001  1.3124105e-004  1.1940000e+003
