  5.0000000e+000  2.0076417e-001  5.8636050e+006
  1.0000000e+001  1.6305124e-001  4.7621450e+006
  1.5000000e+001  1.3942997e-001  4.0722520e+006
  2.0000000e+001  1.1506459e-001  3.3606260e+006
  2.5000000e+001  9.1157146e-002  2.6623750e+006
  3.0000000e+001  7.0970634e-002  2.0727990e+006
  3.5000000e+001  5.5567657e-002  1.6229330e+006
  4.0000000e+001  4.1057429e-002  1.1991410e+006
  4.5000000e+001  3.2790654e-002  9.5769800e+005
  5.0000000e+001  2.5355613e-002  7.4054700e+005
  5.5000000e+001  1.8015073e-002  5.2615600e+005
  6.0000000e+001  1.3561533e-002  3.9608400e+005
  6.5000000e+001  1.1080984e-002  3.2363600e+005
  7.0000000e+001  8.9608686e-003  2.6171500e+005
  7.5000000e+001  6.4266666e-003  1.8770000e+005
  8.0000000e+001  3.9922713e-003  1.1660000e+005
  8.5000000e+001  1.9479271e-003  5.6892000e+004
  9.0000000e+001  6.5653346e-004  1.9175000e+004
  9.5000000e+001  1.4904251e-004  4.3530000e+003
