  5.0000000e+000  0.0000000e+000  1.7207549e-002  5.7641759e-002  5.9919035e-002  6.6648317e-002  8.9322111e-002  1.2191811e-001
  1.0000000e+001  0.0000000e+000  3.2289909e-002  1.0659009e-001  1.5682756e-001  1.6586595e-001  2.0376550e-001  2.5718907e-001
  1.5000000e+001  0.0000000e+000  4.6671596e-002  1.5894244e-001  2.7103819e-001  2.9500917e-001  3.2915690e-001  3.8939859e-001
  2.0000000e+001  7.7591586e-003  6.8465747e-002  2.2432885e-001  3.7766307e-001  4.2513405e-001  4.4626563e-001  5.0981487e-001
  2.5000000e+001  7.0719373e-002  1.2537693e-001  3.2891060e-001  4.6609636e-001  5.2465409e-001  5.4013896e-001  6.0516207e-001
  3.0000000e+001  1.6232406e-001  1.9138127e-001  4.4696701e-001  5.4525549e-001  5.8669892e-001  6.1016767e-001  6.7925255e-001
  3.5000000e+001  2.2488531e-001  2.2593878e-001  5.2240309e-001  6.3720258e-001  6.5120793e-001  6.6990239e-001  7.3363627e-001
  4.0000000e+001  2.8071192e-001  2.5365388e-001  5.8261633e-001  7.4203631e-001  7.4073663e-001  7.4235454e-001  7.9169755e-001
  4.5000000e+001  3.3485932e-001  2.8693476e-001  6.4634353e-001  8.3628693e-001  8.2993221e-001  8.1249076e-001  8.4750609e-001
  5.0000000e+001  4.0423371e-001  3.5289570e-001  7.4257510e-001  9.1594997e-001  9.0232867e-001  8.7301836e-001  8.9822187e-001
  5.5000000e+001  4.8769969e-001  4.6919549e-001  8.4611450e-001  9.6187723e-001  9.4325797e-001  9.1573082e-001  9.3757762e-001
  6.0000000e+001  5.6883583e-001  5.9763423e-001  9.1126088e-001  9.8016885e-001  9.6136122e-001  9.4058333e-001  9.5873807e-001
  6.5000000e+001  6.4211569e-001  7.1042856e-001  9.4435357e-001  9.8712625e-001  9.7100763e-001  9.5704565e-001  9.7110895e-001
  7.0000000e+001  7.2871026e-001  8.1713171e-001  9.6500849e-001  9.9102052e-001  9.7855606e-001  9.7090984e-001  9.8007182e-001
  7.5000000e+001  8.3446967e-001  9.0820604e-001  9.7983772e-001  9.9407992e-001  9.8627106e-001  9.8325098e-001  9.8783129e-001
  8.0000000e+001  9.4098491e-001  9.6836863e-001  9.9042116e-001  9.9688363e-001  9.9353008e-001  9.9238477e-001  9.9360758e-001
  8.5000000e+001  9.8955087e-001  9.8826132e-001  9.9502825e-001  9.9841842e-001  9.9691565e-001  9.9642980e-001  9.9678453e-001
  9.0000000e+001  9.9905317e-001  9.9759252e-001  9.9860222e-001  9.9960155e-001  9.9923807e-001  9.9905930e-001  9.9905654e-001
  9.5000000e+001  1.0000000e+000  1.0000000e+000  1.0000000e+000  1.0000000e+000  1.0000000e+000  1.0000000e+000  1.0000000e+000
