  5.0000000e+000  1.1814847e-001  1.7076780e+006
  1.0000000e+001  1.0643040e-001  1.5383090e+006
  1.5000000e+001  1.0083749e-001  1.4574710e+006
  2.0000000e+001  1.1628437e-001  1.6807350e+006
  2.5000000e+001  1.1429027e-001  1.6519130e+006
  3.0000000e+001  9.9494370e-002  1.4380580e+006
  3.5000000e+001  5.7641102e-002  8.3312500e+005
  4.0000000e+001  6.0103938e-002  8.6872200e+005
  4.5000000e+001  5.8890612e-002  8.5118500e+005
  5.0000000e+001  5.0400722e-002  7.2847500e+005
  5.5000000e+001  3.3277933e-002  4.8098800e+005
  6.0000000e+001  2.6974825e-002  3.8988500e+005
  6.5000000e+001  2.0056025e-002  2.8988300e+005
  7.0000000e+001  1.4619617e-002  2.1130700e+005
  7.5000000e+001  1.0672451e-002  1.5425600e+005
  8.0000000e+001  6.7768293e-003  9.7950000e+004
  8.5000000e+001  3.6057990e-003  5.2117000e+004
  9.0000000e+001  1.2528313e-003  1.8108000e+004
  9.5000000e+001  2.4194561e-004  3.4970000e+003
