  5.0000000e+000  9.8225334e-002  2.5275010e+006
  1.0000000e+001  1.0179844e-001  2.6194430e+006
  1.5000000e+001  1.0118193e-001  2.6035790e+006
  2.0000000e+001  9.8094212e-002  2.5241270e+006
  2.5000000e+001  1.0335928e-001  2.6596060e+006
  3.0000000e+001  1.0538912e-001  2.7118370e+006
  3.5000000e+001  9.9145951e-002  2.5511900e+006
  4.0000000e+001  8.3697667e-002  2.1536800e+006
  4.5000000e+001  6.3572538e-002  1.6358270e+006
  5.0000000e+001  4.6028004e-002  1.1843770e+006
  5.5000000e+001  3.2443261e-002  8.3481900e+005
  6.0000000e+001  2.2510828e-002  5.7924100e+005
  6.5000000e+001  1.5575326e-002  4.0077900e+005
  7.0000000e+001  1.1570571e-002  2.9773000e+005
  7.5000000e+001  8.2351466e-003  2.1190400e+005
  8.0000000e+001  5.1180917e-003  1.3169700e+005
  8.5000000e+001  2.6845138e-003  6.9077000e+004
  9.0000000e+001  1.0370104e-003  2.6684000e+004
  9.5000000e+001  3.3278069e-004  8.5630000e+003
