  1.0000000e+000  2.6837010e-003  2.6837010e-003
  2.0000000e+000  1.3418505e-002  1.0734804e-002
  3.0000000e+000  4.2044649e-002  2.8626144e-002
  4.0000000e+000  9.9296938e-002  5.7252288e-002
  5.0000000e+000  1.9090060e-001  9.1603662e-002
  6.0000000e+000  3.1303881e-001  1.2213822e-001
  7.0000000e+000  4.5262535e-001  1.3958653e-001
  8.0000000e+000  5.9221188e-001  1.3958653e-001
  9.0000000e+000  7.1628880e-001  1.2407692e-001
  1.0000000e+001  8.1555033e-001  9.9261534e-002
  1.1000000e+001  1.0000000e+000  7.2190206e-002
