  5.0000000e+000  1.0846832e-001  3.2190100e+005
  1.0000000e+001  1.0259440e-001  3.0446900e+005
  1.5000000e+001  1.0498751e-001  3.1157100e+005
  2.0000000e+001  1.0321846e-001  3.0632100e+005
  2.5000000e+001  1.0465223e-001  3.1057600e+005
  3.0000000e+001  1.1293913e-001  3.3516900e+005
  3.5000000e+001  9.8942749e-002  2.9363200e+005
  4.0000000e+001  7.1584825e-002  2.1244200e+005
  4.5000000e+001  5.4922741e-002  1.6299400e+005
  5.0000000e+001  4.0319831e-002  1.1965700e+005
  5.5000000e+001  2.9208517e-002  8.6682000e+004
  6.0000000e+001  2.1633954e-002  6.4203000e+004
  6.5000000e+001  1.6395884e-002  4.8658000e+004
  7.0000000e+001  1.2363126e-002  3.6690000e+004
  7.5000000e+001  8.3232919e-003  2.4701000e+004
  8.0000000e+001  5.1069921e-003  1.5156000e+004
  8.5000000e+001  2.7657819e-003  8.2080000e+003
  9.0000000e+001  1.1790291e-003  3.4990000e+003
  9.5000000e+001  3.9323435e-004  1.1670000e+003
