  5.0000000e+000  9.6795427e-002  2.7557600e+005
  1.0000000e+001  1.0059593e-001  2.8639600e+005
  1.5000000e+001  1.1009156e-001  3.1343000e+005
  2.0000000e+001  1.1268587e-001  3.2081600e+005
  2.5000000e+001  1.0128718e-001  2.8836400e+005
  3.0000000e+001  9.3030052e-002  2.6485600e+005
  3.5000000e+001  7.5230928e-002  2.1418200e+005
  4.0000000e+001  5.9634829e-002  1.6978000e+005
  4.5000000e+001  4.8542076e-002  1.3819900e+005
  5.0000000e+001  3.9893305e-002  1.1357600e+005
  5.5000000e+001  3.2868703e-002  9.3577000e+004
  6.0000000e+001  2.8050287e-002  7.9859000e+004
  6.5000000e+001  2.5879928e-002  7.3680000e+004
  7.0000000e+001  2.3204475e-002  6.6063000e+004
  7.5000000e+001  1.9187255e-002  5.4626000e+004
  8.0000000e+001  1.4858128e-002  4.2301000e+004
  8.5000000e+001  1.0486148e-002  2.9854000e+004
  9.0000000e+001  5.2904924e-003  1.5062000e+004
  9.5000000e+001  2.3874304e-003  6.7970000e+003
