  5.0000000e+000  6.7706034e-002  2.6834000e+004
  1.0000000e+001  6.8904527e-002  2.7309000e+004
  1.5000000e+001  8.6256185e-002  3.4186000e+004
  2.0000000e+001  1.2146413e-001  4.8140000e+004
  2.5000000e+001  1.3975944e-001  5.5391000e+004
  3.0000000e+001  1.2184765e-001  4.8292000e+004
  3.5000000e+001  9.4378184e-002  3.7405000e+004
  4.0000000e+001  7.5545441e-002  2.9941000e+004
  4.5000000e+001  6.1753938e-002  2.4475000e+004
  5.0000000e+001  4.9683219e-002  1.9691000e+004
  5.5000000e+001  3.5271023e-002  1.3979000e+004
  6.0000000e+001  2.1239822e-002  8.4180000e+003
  6.5000000e+001  1.7270917e-002  6.8450000e+003
  7.0000000e+001  1.4641802e-002  5.8030000e+003
  7.5000000e+001  1.0867179e-002  4.3070000e+003
  8.0000000e+001  7.3171162e-003  2.9000000e+003
  8.5000000e+001  4.0647842e-003  1.6110000e+003
  9.0000000e+001  1.5719184e-003  6.2300000e+002
  9.5000000e+001  4.5668898e-004  1.8100000e+002
