  1.0000000e+000  1.7559818e-002  1.7559818e-002
  2.0000000e+000  6.8483288e-002  5.0923471e-002
  3.0000000e+000  1.6693533e-001  9.8452044e-002
  4.0000000e+000  3.0969080e-001  1.4275546e-001
  5.0000000e+000  4.7528713e-001  1.6559634e-001
  6.0000000e+000  6.3536359e-001  1.6007646e-001
  7.0000000e+000  7.6799837e-001  1.3263478e-001
  8.0000000e+000  8.6415859e-001  9.6160216e-002
  9.0000000e+000  9.2612851e-001  6.1969917e-002
  1.0000000e+001  9.6207106e-001  3.5942552e-002
  1.1000000e+001  1.0000000e+000  1.8951527e-002
