  5.0000000e+000  1.7714534e-001  1.7303220e+006
  1.0000000e+001  1.4792477e-001  1.4449010e+006
  1.5000000e+001  1.2232629e-001  1.1948600e+006
  2.0000000e+001  9.7361640e-002  9.5101000e+005
  2.5000000e+001  8.9928756e-002  8.7840700e+005
  3.0000000e+001  7.1837700e-002  7.0169700e+005
  3.5000000e+001  6.0093306e-002  5.8698000e+005
  4.0000000e+001  5.7815723e-002  5.6473300e+005
  4.5000000e+001  5.0037521e-002  4.8875700e+005
  5.0000000e+001  4.0146051e-002  3.9213900e+005
  5.5000000e+001  3.0500696e-002  2.9792500e+005
  6.0000000e+001  1.8027582e-002  1.7609000e+005
  6.5000000e+001  1.2532799e-002  1.2241800e+005
  7.0000000e+001  1.0061518e-002  9.8279000e+004
  7.5000000e+001  7.1601516e-003  6.9939000e+004
  8.0000000e+001  4.3777469e-003  4.2761000e+004
  8.5000000e+001  1.9531502e-003  1.9078000e+004
  9.0000000e+001  6.2368126e-004  6.0920000e+003
  9.5000000e+001  1.4558023e-004  1.4220000e+003
