  5.0000000e+000  9.5025019e-002  1.0687176e+007
  1.0000000e+001  9.5297028e-002  1.0717768e+007
  1.5000000e+001  9.6479500e-002  1.0850757e+007
  2.0000000e+001  9.5752139e-002  1.0768953e+007
  2.5000000e+001  8.9672043e-002  1.0085143e+007
  3.0000000e+001  8.1858647e-002  9.2063940e+006
  3.5000000e+001  7.7952629e-002  8.7670960e+006
  4.0000000e+001  7.4311942e-002  8.3576390e+006
  4.5000000e+001  6.4787608e-002  7.2864660e+006
  5.0000000e+001  5.5423970e-002  6.2333660e+006
  5.5000000e+001  4.6687156e-002  5.2507630e+006
  6.0000000e+001  3.5018459e-002  3.9384200e+006
  6.5000000e+001  2.7738322e-002  3.1196450e+006
  7.0000000e+001  2.2243580e-002  2.5016680e+006
  7.5000000e+001  1.6728094e-002  1.8813580e+006
  8.0000000e+001  1.1559349e-002  1.3000450e+006
  8.5000000e+001  7.2514357e-003  8.1554700e+005
  9.0000000e+001  3.7797586e-003  4.2509800e+005
  9.5000000e+001  2.4333189e-003  2.7366800e+005
