  5.0000000e+000  0.0000000e+000  8.6094484e-003  8.6822537e-002  1.0693147e-001  9.7850266e-002  9.5990550e-002  9.4729373e-002
  1.0000000e+001  0.0000000e+000  1.7957616e-002  1.3122621e-001  2.2237622e-001  2.4349906e-001  2.3677673e-001  2.3141414e-001
  1.5000000e+001  0.0000000e+000  2.7662263e-002  1.8014053e-001  3.3061071e-001  3.9824088e-001  4.0969169e-001  4.0865288e-001
  2.0000000e+001  1.9325054e-002  4.6312404e-002  2.4926445e-001  4.2581849e-001  5.1870828e-001  5.6482848e-001  5.8046486e-001
  2.5000000e+001  1.0167221e-001  1.0297572e-001  3.1846909e-001  4.7845231e-001  5.7042746e-001  6.3903640e-001  6.6907439e-001
  3.0000000e+001  1.9459496e-001  1.8824267e-001  4.1819506e-001  5.2990114e-001  6.0397420e-001  6.7412225e-001  7.0682740e-001
  3.5000000e+001  2.6593984e-001  2.3690530e-001  5.1316440e-001  6.2645307e-001  6.7134439e-001  7.1843486e-001  7.4229799e-001
  4.0000000e+001  3.2465821e-001  2.7100637e-001  5.8592411e-001  7.3990705e-001  7.8047584e-001  7.9235765e-001  7.9880151e-001
  4.5000000e+001  3.7815959e-001  3.0844544e-001  6.6497687e-001  8.4369625e-001  8.8139398e-001  8.6915617e-001  8.6315381e-001
  5.0000000e+001  4.3719571e-001  3.7380216e-001  7.6699798e-001  9.1999030e-001  9.4113722e-001  9.2278568e-001  9.1486147e-001
  5.5000000e+001  4.9886865e-001  4.7184422e-001  8.5420568e-001  9.5926101e-001  9.6756609e-001  9.5264578e-001  9.4663046e-001
  6.0000000e+001  5.5129633e-001  5.6748872e-001  9.0159521e-001  9.7445779e-001  9.7843942e-001  9.6868577e-001  9.6486876e-001
  6.5000000e+001  6.1287306e-001  6.7721238e-001  9.3626422e-001  9.8368393e-001  9.8528074e-001  9.7924476e-001  9.7619701e-001
  7.0000000e+001  6.9086148e-001  7.9033069e-001  9.6150050e-001  9.8965526e-001  9.9013769e-001  9.8665171e-001  9.8345869e-001
  7.5000000e+001  7.8225552e-001  8.8680151e-001  9.7798647e-001  9.9348299e-001  9.9365457e-001  9.9177531e-001  9.8816314e-001
  8.0000000e+001  8.7816562e-001  9.5619428e-001  9.8861617e-001  9.9631183e-001  9.9662895e-001  9.9570029e-001  9.9571869e-001
  8.5000000e+001  9.2973302e-001  9.7986433e-001  9.9284699e-001  9.9767497e-001  9.9798838e-001  9.9750435e-001  9.9751503e-001
  9.0000000e+001  9.7939163e-001  9.9538384e-001  9.9721699e-001  9.9911915e-001  9.9930711e-001  9.9912945e-001  9.9913317e-001
  9.5000000e+001  1.0000000e+000  1.0000000e+000  1.0000000e+000  1.0000000e+000  1.0000000e+000  1.0000000e+000  1.0000000e+000
