  5.0000000e+000  6.0346999e-002  3.5382900e+006
  1.0000000e+001  6.2337059e-002  3.6549720e+006
  1.5000000e+001  6.4793056e-002  3.7989730e+006
  2.0000000e+001  6.5535222e-002  3.8424880e+006
  2.5000000e+001  6.0664690e-002  3.5569170e+006
  3.0000000e+001  7.0424685e-002  4.1291690e+006
  3.5000000e+001  7.2000008e-002  4.2215340e+006
  4.0000000e+001  7.2734329e-002  4.2645890e+006
  4.5000000e+001  7.1258575e-002  4.1780620e+006
  5.0000000e+001  7.1268877e-002  4.1786660e+006
  5.5000000e+001  6.3398179e-002  3.7171880e+006
  6.0000000e+001  4.5768373e-002  2.6835100e+006
  6.5000000e+001  4.5836049e-002  2.6874780e+006
  7.0000000e+001  4.5750004e-002  2.6824330e+006
  7.5000000e+001  4.0727816e-002  2.3879700e+006
  8.0000000e+001  3.7123001e-002  2.1766110e+006
  8.5000000e+001  2.8571263e-002  1.6752020e+006
  9.0000000e+001  1.3342211e-002  7.8228600e+005
  9.5000000e+001  8.1196048e-003  4.7607200e+005
