  5.0000000e+000  8.9978555e-002  7.0007250e+006
  1.0000000e+001  9.0144227e-002  7.0136150e+006
  1.5000000e+001  8.8989357e-002  6.9237610e+006
  2.0000000e+001  8.7575991e-002  6.8137950e+006
  2.5000000e+001  8.7861631e-002  6.8360190e+006
  3.0000000e+001  8.9692556e-002  6.9784730e+006
  3.5000000e+001  8.1435976e-002  6.3360750e+006
  4.0000000e+001  7.3784800e-002  5.7407800e+006
  4.5000000e+001  6.6656434e-002  5.1861620e+006
  5.0000000e+001  5.9695090e-002  4.6445390e+006
  5.5000000e+001  4.9639833e-002  3.8621960e+006
  6.0000000e+001  4.1607945e-002  3.2372800e+006
  6.5000000e+001  3.1307032e-002  2.4358240e+006
  7.0000000e+001  2.2773939e-002  1.7719120e+006
  7.5000000e+001  1.7390796e-002  1.3530800e+006
  8.0000000e+001  1.2338086e-002  9.5995700e+005
  8.5000000e+001  6.5844886e-003  5.1230200e+005
  9.0000000e+001  2.0307085e-003  1.5799800e+005
  9.5000000e+001  5.1255474e-004  3.9879000e+004
