  5.0000000e+000  1.6693690e-001  6.3052910e+006
  1.0000000e+001  1.4935752e-001  5.6413090e+006
  1.5000000e+001  1.3030487e-001  4.9216810e+006
  2.0000000e+001  1.1393459e-001  4.3033670e+006
  2.5000000e+001  9.5597766e-002  3.6107760e+006
  3.0000000e+001  8.0532519e-002  3.0417540e+006
  3.5000000e+001  6.2506549e-002  2.3609040e+006
  4.0000000e+001  4.5481228e-002  1.7178490e+006
  4.5000000e+001  3.6168803e-002  1.3661140e+006
  5.0000000e+001  3.0364989e-002  1.1469010e+006
  5.5000000e+001  2.5021004e-002  9.4505600e+005
  6.0000000e+001  2.0144633e-002  7.6087300e+005
  6.5000000e+001  1.5716840e-002  5.9363300e+005
  7.0000000e+001  1.1819990e-002  4.4644700e+005
  7.5000000e+001  8.1546167e-003  3.0800400e+005
  8.0000000e+001  4.7431454e-003  1.7915100e+005
  8.5000000e+001  2.2293056e-003  8.4202000e+004
  9.0000000e+001  7.8924015e-004  2.9810000e+004
  9.5000000e+001  1.9549645e-004  7.3840000e+003
