  5.0000000e+000  5.7431506e-002  2.2843100e+005
  1.0000000e+001  6.3681740e-002  2.5329100e+005
  1.5000000e+001  7.2020498e-002  2.8645800e+005
  2.0000000e+001  7.4026305e-002  2.9443600e+005
  2.5000000e+001  6.9924934e-002  2.7812300e+005
  3.0000000e+001  6.9133724e-002  2.7497600e+005
  3.5000000e+001  7.0089864e-002  2.7877900e+005
  4.0000000e+001  6.6607734e-002  2.6492900e+005
  4.5000000e+001  6.5785097e-002  2.6165700e+005
  5.0000000e+001  6.6946645e-002  2.6627700e+005
  5.5000000e+001  6.3607823e-002  2.5299700e+005
  6.0000000e+001  5.8547296e-002  2.3286900e+005
  6.5000000e+001  5.6906798e-002  2.2634400e+005
  7.0000000e+001  4.5741355e-002  1.8193400e+005
  7.5000000e+001  3.5914459e-002  1.4284800e+005
  8.0000000e+001  2.7036914e-002  1.0753800e+005
  8.5000000e+001  1.8431905e-002  7.3312000e+004
  9.0000000e+001  1.1433202e-002  4.5475000e+004
  9.5000000e+001  6.7322011e-003  2.6777000e+004
