  5.0000000e+000  1.1522563e-001  2.9724560e+006
  1.0000000e+001  1.1874381e-001  3.0632140e+006
  1.5000000e+001  1.0763477e-001  2.7766360e+006
  2.0000000e+001  9.7614238e-002  2.5181380e+006
  2.5000000e+001  9.3342783e-002  2.4079480e+006
  3.0000000e+001  8.6047507e-002  2.2197530e+006
  3.5000000e+001  7.6080314e-002  1.9626310e+006
  4.0000000e+001  6.5687487e-002  1.6945290e+006
  4.5000000e+001  5.4581937e-002  1.4080410e+006
  5.0000000e+001  4.5473531e-002  1.1730730e+006
  5.5000000e+001  3.6407844e-002  9.3920700e+005
  6.0000000e+001  2.9802963e-002  7.6882200e+005
  6.5000000e+001  2.4979929e-002  6.4440300e+005
  7.0000000e+001  1.9705948e-002  5.0835100e+005
  7.5000000e+001  1.3767427e-002  3.5515600e+005
  8.0000000e+001  8.4756147e-003  2.1864400e+005
  8.5000000e+001  4.3748397e-003  1.1285700e+005
  9.0000000e+001  1.6560174e-003  4.2720000e+004
  9.5000000e+001  3.9741316e-004  1.0252000e+004
