  5.0000000e+000  6.0115935e-002  1.7834300e+005
  1.0000000e+001  5.3350731e-002  1.5827300e+005
  1.5000000e+001  6.5435402e-002  1.9412400e+005
  2.0000000e+001  9.4030946e-002  2.7895700e+005
  2.5000000e+001  1.0503190e-001  3.1159300e+005
  3.0000000e+001  9.3544539e-002  2.7751400e+005
  3.5000000e+001  7.6816585e-002  2.2788800e+005
  4.0000000e+001  6.9717334e-002  2.0682700e+005
  4.5000000e+001  6.5942371e-002  1.9562800e+005
  5.0000000e+001  7.3865446e-002  2.1913300e+005
  5.5000000e+001  6.7125523e-002  1.9913800e+005
  6.0000000e+001  4.5690578e-002  1.3554800e+005
  6.5000000e+001  2.6492162e-002  7.8593000e+004
  7.0000000e+001  2.1651350e-002  6.4232000e+004
  7.5000000e+001  3.6114460e-002  1.0713900e+005
  8.0000000e+001  2.3394730e-002  6.9404000e+004
  8.5000000e+001  1.5923343e-002  4.7239000e+004
  9.0000000e+001  4.5310352e-003  1.3442000e+004
  9.5000000e+001  1.2256244e-003  3.6360000e+003
