  5.0000000e+000  0.0000000e+000  2.8062360e-003  5.8669549e-002  6.6347403e-002  6.6190062e-002  7.5773519e-002  9.1422641e-002
  1.0000000e+001  0.0000000e+000  7.0112128e-003  8.8936303e-002  1.4777701e-001  1.5170563e-001  1.7096159e-001  1.9241554e-001
  1.5000000e+001  0.0000000e+000  1.2745758e-002  1.1970394e-001  2.3453813e-001  2.4991574e-001  2.7350828e-001  2.9370691e-001
  2.0000000e+001  2.7677721e-002  3.0511615e-002  1.6731075e-001  3.2413395e-001  3.5378124e-001  3.7186034e-001  3.8935196e-001
  2.5000000e+001  9.1383200e-002  7.3704791e-002  2.3989495e-001  4.0672674e-001  4.4545091e-001  4.5183389e-001  4.7263099e-001
  3.0000000e+001  1.5677755e-001  1.4088375e-001  3.3663110e-001  4.7832392e-001  5.1404474e-001  5.1574606e-001  5.4899314e-001
  3.5000000e+001  2.2290345e-001  2.0509840e-001  4.3603807e-001  5.6090209e-001  5.8053386e-001  5.8432133e-001  6.2412033e-001
  4.0000000e+001  2.7445251e-001  2.4711218e-001  5.0910371e-001  6.5376653e-001  6.5738083e-001  6.5889304e-001  6.9354097e-001
  4.5000000e+001  3.2301533e-001  2.8828117e-001  5.8059927e-001  7.4930652e-001  7.4136879e-001  7.3206654e-001  7.5649929e-001
  5.0000000e+001  3.7130096e-001  3.3736209e-001  6.5544243e-001  8.2836025e-001  8.1149185e-001  7.8700567e-001  8.0423008e-001
  5.5000000e+001  4.2848100e-001  4.0665958e-001  7.3680708e-001  8.9051009e-001  8.6482572e-001  8.2830147e-001  8.4070932e-001
  6.0000000e+001  4.8828008e-001  4.8631437e-001  8.0458639e-001  9.2772736e-001  8.9702520e-001  8.5685122e-001  8.6823716e-001
  6.5000000e+001  5.7935037e-001  6.0747179e-001  8.7314706e-001  9.5544280e-001  9.2476227e-001  8.9042624e-001  9.0011610e-001
  7.0000000e+001  6.9505927e-001  7.4559939e-001  9.2658516e-001  9.7311750e-001  9.4783164e-001  9.2623190e-001  9.3332859e-001
  7.5000000e+001  8.2768829e-001  8.7208525e-001  9.6264994e-001  9.8451047e-001  9.6842127e-001  9.5921592e-001  9.6207221e-001
  8.0000000e+001  9.2663568e-001  9.4362676e-001  9.8058725e-001  9.9115800e-001  9.8269029e-001  9.7968454e-001  9.8022969e-001
  8.5000000e+001  9.8915809e-001  9.7903737e-001  9.9095247e-001  9.9579446e-001  9.9228273e-001  9.9160354e-001  9.9134159e-001
  9.0000000e+001  9.9848116e-001  9.9631639e-001  9.9753532e-001  9.9889728e-001  9.9819839e-001  9.9821080e-001  9.9805309e-001
  9.5000000e+001  1.0000000e+000  1.0000000e+000  1.0000000e+000  1.0000000e+000  1.0000000e+000  1.0000000e+000  1.0000000e+000
