  5.0000000e+000  4.8593682e-002  4.9855300e+005
  1.0000000e+001  5.0614223e-002  5.1928300e+005
  1.5000000e+001  5.4537368e-002  5.5953300e+005
  2.0000000e+001  6.3720159e-002  6.5374500e+005
  2.5000000e+001  7.1947457e-002  7.3815400e+005
  3.0000000e+001  7.5193189e-002  7.7145400e+005
  3.5000000e+001  7.8427323e-002  8.0463500e+005
  4.0000000e+001  7.1430771e-002  7.3285300e+005
  4.5000000e+001  7.2044049e-002  7.3914500e+005
  5.0000000e+001  6.6328831e-002  6.8050900e+005
  5.5000000e+001  6.4335776e-002  6.6006100e+005
  6.0000000e+001  5.2655038e-002  5.4022100e+005
  6.5000000e+001  6.0383098e-002  6.1950800e+005
  7.0000000e+001  5.8713836e-002  6.0238200e+005
  7.5000000e+001  5.1163074e-002  5.2491400e+005
  8.0000000e+001  3.0557449e-002  3.1350800e+005
  8.5000000e+001  1.7256672e-002  1.7704700e+005
  9.0000000e+001  9.4610661e-003  9.7067000e+004
  9.5000000e+001  2.6369382e-003  2.7054000e+004
