  5.0000000e+000  5.4682789e-002  7.6222940e+006
  1.0000000e+001  4.9946719e-002  6.9621280e+006
  1.5000000e+001  4.5188251e-002  6.2988400e+006
  2.0000000e+001  5.6563985e-002  7.8845160e+006
  2.5000000e+001  8.4944678e-002  1.1840532e+007
  3.0000000e+001  8.3332796e-002  1.1615850e+007
  3.5000000e+001  7.5616665e-002  1.0540290e+007
  4.0000000e+001  7.0673530e-002  9.8512610e+006
  4.5000000e+001  6.5281084e-002  9.0996020e+006
  5.0000000e+001  7.9602429e-002  1.1095870e+007
  5.5000000e+001  8.1389350e-002  1.1344951e+007
  6.0000000e+001  7.0116127e-002  9.7735640e+006
  6.5000000e+001  4.9821409e-002  6.9446610e+006
  7.0000000e+001  3.2162628e-002  4.4831840e+006
  7.5000000e+001  4.4155933e-002  6.1549440e+006
  8.0000000e+001  2.6265953e-002  3.6612400e+006
  8.5000000e+001  2.0131465e-002  2.8061470e+006
  9.0000000e+001  7.1291137e-003  9.9373500e+005
  9.5000000e+001  2.9950980e-003  4.1749000e+005
