  1.0000000e+000  4.4000000e-002  4.4000000e-002
  2.0000000e+000  1.3300000e-001  8.9000000e-002
  3.0000000e+000  2.3100000e-001  9.8000000e-002
  4.0000000e+000  3.5600000e-001  1.2500000e-001
  5.0000000e+000  5.0900000e-001  1.5300000e-001
  6.0000000e+000  6.4900000e-001  1.4000000e-001
  7.0000000e+000  7.6600000e-001  1.1700000e-001
  8.0000000e+000  8.5200000e-001  8.6000000e-002
  9.0000000e+000  9.1200000e-001  6.0000000e-002
  1.0000000e+001  9.6200000e-001  5.0000000e-002
  1.1000000e+001  1.0000000e+000  3.8000000e-002
