  5.0000000e+000  1.2883746e-001  8.2546200e+005
  1.0000000e+001  1.1696373e-001  7.4938700e+005
  1.5000000e+001  1.1054232e-001  7.0824500e+005
  2.0000000e+001  1.0830758e-001  6.9392700e+005
  2.5000000e+001  9.5733528e-002  6.1336500e+005
  3.0000000e+001  8.5503628e-002  5.4782200e+005
  3.5000000e+001  7.3878692e-002  4.7334100e+005
  4.0000000e+001  6.6356922e-002  4.2514900e+005
  4.5000000e+001  5.5162765e-002  3.5342800e+005
  5.0000000e+001  4.0952064e-002  2.6238000e+005
  5.5000000e+001  2.9173547e-002  1.8691500e+005
  6.0000000e+001  2.1904157e-002  1.4034000e+005
  6.5000000e+001  1.9425307e-002  1.2445800e+005
  7.0000000e+001  1.6984384e-002  1.0881900e+005
  7.5000000e+001  1.3388787e-002  8.5782000e+004
  8.0000000e+001  9.1624742e-003  5.8704000e+004
  8.5000000e+001  5.3375970e-003  3.4198000e+004
  9.0000000e+001  1.7841415e-003  1.1431000e+004
  9.5000000e+001  6.0090498e-004  3.8500000e+003
