  5.0000000e+000  1.6126025e-001  2.7209000e+006
  1.0000000e+001  1.3482095e-001  2.2747970e+006
  1.5000000e+001  1.2479234e-001  2.1055870e+006
  2.0000000e+001  1.1223012e-001  1.8936280e+006
  2.5000000e+001  9.5838041e-002  1.6170490e+006
  3.0000000e+001  7.8359656e-002  1.3221410e+006
  3.5000000e+001  6.2056659e-002  1.0470650e+006
  4.0000000e+001  5.1225866e-002  8.6432000e+005
  4.5000000e+001  4.2717460e-002  7.2076000e+005
  5.0000000e+001  3.5435768e-002  5.9789800e+005
  5.5000000e+001  2.8963251e-002  4.8868900e+005
  6.0000000e+001  2.3179835e-002  3.9110700e+005
  6.5000000e+001  1.8015583e-002  3.0397200e+005
  7.0000000e+001  1.3285287e-002  2.2415900e+005
  7.5000000e+001  8.9997313e-003  1.5185000e+005
  8.0000000e+001  5.3181092e-003  8.9731000e+004
  8.5000000e+001  2.4988256e-003  4.2162000e+004
  9.0000000e+001  8.1919187e-004  1.3822000e+004
  9.5000000e+001  1.8307652e-004  3.0890000e+003
