  5.0000000e+000  1.6354229e-001  4.1961500e+005
  1.0000000e+001  1.4267073e-001  3.6606300e+005
  1.5000000e+001  1.2625161e-001  3.2393500e+005
  2.0000000e+001  1.0908496e-001  2.7988900e+005
  2.5000000e+001  9.2261679e-002  2.3672400e+005
  3.0000000e+001  7.3293634e-002  1.8805600e+005
  3.5000000e+001  6.2042514e-002  1.5918800e+005
  4.0000000e+001  5.2694512e-002  1.3520300e+005
  4.5000000e+001  4.2906880e-002  1.1009000e+005
  5.0000000e+001  3.4834119e-002  8.9377000e+004
  5.5000000e+001  2.8969257e-002  7.4329000e+004
  6.0000000e+001  2.2919656e-002  5.8807000e+004
  6.5000000e+001  1.7995634e-002  4.6173000e+004
  7.0000000e+001  1.3517479e-002  3.4683000e+004
  7.5000000e+001  8.9832017e-003  2.3049000e+004
  8.0000000e+001  5.0962881e-003  1.3076000e+004
  8.5000000e+001  2.2059491e-003  5.6600000e+003
  9.0000000e+001  6.0215396e-004  1.5450000e+003
  9.5000000e+001  1.2744618e-004  3.2700000e+002
