  5.0000000e+000  5.9366517e-002  2.2154100e+005
  1.0000000e+001  5.4672741e-002  2.0402500e+005
  1.5000000e+001  6.0660280e-002  2.2636900e+005
  2.0000000e+001  7.8072486e-002  2.9134700e+005
  2.5000000e+001  9.5350171e-002  3.5582300e+005
  3.0000000e+001  8.4443492e-002  3.1512200e+005
  3.5000000e+001  7.3480539e-002  2.7421100e+005
  4.0000000e+001  6.8869833e-002  2.5700500e+005
  4.5000000e+001  5.9470490e-002  2.2192900e+005
  5.0000000e+001  7.1427614e-002  2.6655000e+005
  5.5000000e+001  7.5701749e-002  2.8250000e+005
  6.0000000e+001  6.5873920e-002  2.4582500e+005
  6.5000000e+001  4.4772292e-002  1.6707900e+005
  7.0000000e+001  3.1758558e-002  1.1851500e+005
  7.5000000e+001  3.3265894e-002  1.2414000e+005
  8.0000000e+001  2.2058284e-002  8.2316000e+004
  8.5000000e+001  1.4418436e-002  5.3806000e+004
  9.0000000e+001  5.3009982e-003  1.9782000e+004
  9.5000000e+001  1.0357071e-003  3.8650000e+003
