  5.0000000e+000  0.0000000e+000  1.3322296e-002  4.1001509e-002  5.2978071e-002  6.5764144e-002  8.0870036e-002  9.9532547e-002
  1.0000000e+001  0.0000000e+000  3.2918634e-002  9.4259789e-002  1.4044895e-001  1.6706659e-001  1.9327084e-001  2.2621033e-001
  1.5000000e+001  0.0000000e+000  5.9197315e-002  1.6375387e-001  2.6150891e-001  2.9691091e-001  3.1972386e-001  3.6276088e-001
  2.0000000e+001  1.3127157e-002  9.7267713e-002  2.4056469e-001  3.6652343e-001  4.0258467e-001  4.1887616e-001  4.7090542e-001
  2.5000000e+001  5.2544409e-002  1.4959304e-001  3.1884878e-001  4.3573247e-001  4.7081060e-001  4.8678533e-001  5.4996509e-001
  3.0000000e+001  1.0221086e-001  2.0300494e-001  4.0591891e-001  5.0302036e-001  5.3215287e-001  5.5094668e-001  6.1696020e-001
  3.5000000e+001  1.4406134e-001  2.4619363e-001  4.8225518e-001  5.8316177e-001  6.0129273e-001  6.1814521e-001  6.7701141e-001
  4.0000000e+001  1.8956166e-001  2.9183661e-001  5.5779724e-001  6.8174854e-001  6.8921289e-001  6.9387151e-001  7.3918652e-001
  4.5000000e+001  2.4015847e-001  3.4519719e-001  6.3596418e-001  7.7584466e-001  7.6910602e-001  7.6006328e-001  7.9560090e-001
  5.0000000e+001  3.0075911e-001  4.1173951e-001  7.1322572e-001  8.4170417e-001  8.2305129e-001  8.0500330e-001  8.3634301e-001
  5.5000000e+001  3.7316294e-001  4.9255906e-001  7.8221150e-001  8.8500271e-001  8.6030467e-001  8.4091640e-001  8.6731903e-001
  6.0000000e+001  4.7369201e-001  5.9629269e-001  8.4367604e-001  9.1785566e-001  8.9291840e-001  8.7693102e-001  8.9956552e-001
  6.5000000e+001  6.0317444e-001  7.1823042e-001  8.9759352e-001  9.4436664e-001  9.2293422e-001  9.1157510e-001  9.2883467e-001
  7.0000000e+001  7.2818403e-001  8.2515462e-001  9.3482448e-001  9.6280403e-001  9.4831428e-001  9.4198068e-001  9.5347777e-001
  7.5000000e+001  8.5879105e-001  9.1510188e-001  9.6384521e-001  9.7830884e-001  9.7047031e-001  9.6748786e-001  9.7253472e-001
  8.0000000e+001  9.5196933e-001  9.6418531e-001  9.8155826e-001  9.8899183e-001  9.8570379e-001  9.8355358e-001  9.8556909e-001
  8.5000000e+001  9.9325751e-001  9.8414979e-001  9.9021920e-001  9.9436026e-001  9.9270800e-001  9.9164143e-001  9.9250330e-001
  9.0000000e+001  9.9921278e-001  9.9630073e-001  9.9729172e-001  9.9860353e-001  9.9810991e-001  9.9783422e-001  9.9793429e-001
  9.5000000e+001  1.0000000e+000  1.0000000e+000  1.0000000e+000  1.0000000e+000  1.0000000e+000  1.0000000e+000  1.0000000e+000
