  5.0000000e+000  4.1881824e-002  9.8561000e+004
  1.0000000e+001  6.1078599e-002  1.4373700e+005
  1.5000000e+001  7.8423515e-002  1.8455500e+005
  2.0000000e+001  7.4602093e-002  1.7556200e+005
  2.5000000e+001  6.7468742e-002  1.5877500e+005
  3.0000000e+001  6.9067765e-002  1.6253800e+005
  3.5000000e+001  6.6779501e-002  1.5715300e+005
  4.0000000e+001  7.4279144e-002  1.7480200e+005
  4.5000000e+001  7.3713983e-002  1.7347200e+005
  5.0000000e+001  6.5387845e-002  1.5387800e+005
  5.5000000e+001  5.8741042e-002  1.3823600e+005
  6.0000000e+001  5.9911308e-002  1.4099000e+005
  6.5000000e+001  6.1579595e-002  1.4491600e+005
  7.0000000e+001  5.0747202e-002  1.1942400e+005
  7.5000000e+001  4.4412301e-002  1.0451600e+005
  8.0000000e+001  2.7804218e-002  6.5432000e+004
  8.5000000e+001  1.2623061e-002  2.9706000e+004
  9.0000000e+001  8.6928550e-003  2.0457000e+004
  9.5000000e+001  2.8054079e-003  6.6020000e+003
