  5.0000000e+000  9.9022591e-002  2.6957210e+006
  1.0000000e+001  9.9651868e-002  2.7128520e+006
  1.5000000e+001  1.0125649e-001  2.7565350e+006
  2.0000000e+001  1.0071607e-001  2.7418230e+006
  2.5000000e+001  8.6610646e-002  2.3578270e+006
  3.0000000e+001  8.1652209e-002  2.2228420e+006
  3.5000000e+001  7.6786449e-002  2.0903800e+006
  4.0000000e+001  6.8764091e-002  1.8719850e+006
  4.5000000e+001  6.1931707e-002  1.6859850e+006
  5.0000000e+001  5.5795160e-002  1.5189280e+006
  5.5000000e+001  4.7411641e-002  1.2907010e+006
  6.0000000e+001  3.9001564e-002  1.0617510e+006
  6.5000000e+001  2.8166578e-002  7.6678700e+005
  7.0000000e+001  1.8942124e-002  5.1566700e+005
  7.5000000e+001  1.4497915e-002  3.9468100e+005
  8.0000000e+001  9.8004308e-003  2.6680000e+005
  8.5000000e+001  6.3437954e-003  1.7269900e+005
  9.0000000e+001  2.6203663e-003  7.1335000e+004
  9.5000000e+001  1.0283106e-003  2.7994000e+004
