  5.0000000e+000  0.0000000e+000  1.7207549e-002  9.8250781e-002  1.2500780e-001  1.2617866e-001  1.3203430e-001  1.4223111e-001
  1.0000000e+001  0.0000000e+000  3.2289909e-002  1.5172063e-001  2.6460425e-001  3.0483137e-001  3.0908811e-001  3.0155555e-001
  1.5000000e+001  0.0000000e+000  4.6671596e-002  2.0872791e-001  3.7920955e-001  4.5566469e-001  4.7077173e-001  4.5751847e-001
  2.0000000e+001  1.1223734e-002  6.8465747e-002  2.9058650e-001  4.6186961e-001  5.4505903e-001  5.7071095e-001  5.6338546e-001
  2.5000000e+001  9.7117929e-002  1.2537693e-001  3.6367230e-001  4.9730835e-001  5.7859707e-001  6.1199593e-001  6.2374284e-001
  3.0000000e+001  1.9312348e-001  1.9138127e-001  4.5674763e-001  5.3948272e-001  6.0854578e-001  6.4578986e-001  6.7068142e-001
  3.5000000e+001  2.6219677e-001  2.2593878e-001  5.5455406e-001  6.4084475e-001  6.8545904e-001  7.1223538e-001  7.3744879e-001
  4.0000000e+001  3.2122103e-001  2.5365388e-001  6.3300482e-001  7.6910594e-001  8.1163561e-001  8.1817916e-001  8.2256155e-001
  4.5000000e+001  3.7440471e-001  2.8693476e-001  7.1360658e-001  8.7879085e-001  9.1327256e-001  9.0458616e-001  8.9376557e-001
  5.0000000e+001  4.3313265e-001  3.5289570e-001  8.1721905e-001  9.4948889e-001  9.6394148e-001  9.4865373e-001  9.3462078e-001
  5.5000000e+001  5.0489282e-001  4.6919549e-001  9.0924556e-001  9.8120874e-001  9.8299671e-001  9.6909119e-001  9.5783829e-001
  6.0000000e+001  5.8183625e-001  5.9763423e-001  9.5747679e-001  9.9237496e-001  9.9084261e-001  9.8088794e-001  9.7395174e-001
  6.5000000e+001  6.5024517e-001  7.1042856e-001  9.7704374e-001  9.9604965e-001  9.9460973e-001  9.8829112e-001  9.8360076e-001
  7.0000000e+001  7.2269793e-001  8.1713171e-001  9.8717246e-001  9.9779293e-001  9.9677463e-001  9.9322657e-001  9.9010602e-001
  7.5000000e+001  8.0564656e-001  9.0820604e-001  9.9315168e-001  9.9884359e-001  9.9829528e-001  9.9657301e-001  9.9533200e-001
  8.0000000e+001  8.9711323e-001  9.6836863e-001  9.9686990e-001  9.9942613e-001  9.9914869e-001  9.9853547e-001  9.9802665e-001
  8.5000000e+001  9.7526075e-001  9.8826132e-001  9.9883465e-001  9.9977028e-001  9.9965278e-001  9.9948742e-001  9.9937397e-001
  9.0000000e+001  9.9598086e-001  9.9759252e-001  9.9969941e-001  9.9994279e-001  9.9989332e-001  9.9987552e-001  9.9983669e-001
  9.5000000e+001  1.0000000e+000  1.0000000e+000  1.0000000e+000  1.0000000e+000  1.0000000e+000  1.0000000e+000  1.0000000e+000
