  5.0000000e+000  4.7720109e-002  4.5867500e+005
  1.0000000e+001  4.6205509e-002  4.4411700e+005
  1.5000000e+001  4.7932973e-002  4.6072100e+005
  2.0000000e+001  6.2708910e-002  6.0274400e+005
  2.5000000e+001  8.2190326e-002  7.8999500e+005
  3.0000000e+001  8.3341622e-002  8.0106100e+005
  3.5000000e+001  7.4896356e-002  7.1988700e+005
  4.0000000e+001  7.2234101e-002  6.9429800e+005
  4.5000000e+001  6.7141806e-002  6.4535200e+005
  5.0000000e+001  7.8339633e-002  7.5298300e+005
  5.5000000e+001  8.0006754e-002  7.6900700e+005
  6.0000000e+001  6.5059881e-002  6.2534100e+005
  6.5000000e+001  5.0057762e-002  4.8114400e+005
  7.0000000e+001  3.3603467e-002  3.2298900e+005
  7.5000000e+001  4.2428891e-002  4.0781700e+005
  8.0000000e+001  3.0735319e-002  2.9542100e+005
  8.5000000e+001  2.2919906e-002  2.2030100e+005
  9.0000000e+001  9.6278773e-003  9.2541000e+004
  9.5000000e+001  2.8487971e-003  2.7382000e+004
