  5.0000000e+000  1.3255979e-001  2.2850752e+007
  1.0000000e+001  1.3097961e-001  2.2578360e+007
  1.5000000e+001  1.2501675e-001  2.1550478e+007
  2.0000000e+001  1.1452763e-001  1.9742355e+007
  2.5000000e+001  9.5732415e-002  1.6502423e+007
  3.0000000e+001  7.7251207e-002  1.3316619e+007
  3.5000000e+001  6.4316600e-002  1.1086942e+007
  4.0000000e+001  5.7309238e-002  9.8790080e+006
  4.5000000e+001  4.7697143e-002  8.2220680e+006
  5.0000000e+001  3.9694479e-002  6.8425630e+006
  5.5000000e+001  3.0991162e-002  5.3422790e+006
  6.0000000e+001  2.3401172e-002  4.0339110e+006
  6.5000000e+001  1.9876683e-002  3.4263570e+006
  7.0000000e+001  1.6315908e-002  2.8125480e+006
  7.5000000e+001  1.1835360e-002  2.0401880e+006
  8.0000000e+001  7.1955899e-003  1.2403810e+006
  8.5000000e+001  3.6475772e-003  6.2877200e+005
  9.0000000e+001  1.3439786e-003  2.3167600e+005
  9.5000000e+001  3.0771422e-004  5.3044000e+004
