  5.0000000e+000  1.0735013e-001  9.4037000e+004
  1.0000000e+001  9.3126130e-002  8.1577000e+004
  1.5000000e+001  9.1819029e-002  8.0432000e+004
  2.0000000e+001  9.1798480e-002  8.0414000e+004
  2.5000000e+001  8.8165994e-002  7.7232000e+004
  3.0000000e+001  8.8797284e-002  7.7785000e+004
  3.5000000e+001  7.9149847e-002  6.9334000e+004
  4.0000000e+001  6.5293430e-002  5.7196000e+004
  4.5000000e+001  6.1866427e-002  5.4194000e+004
  5.0000000e+001  6.1559344e-002  5.3925000e+004
  5.5000000e+001  5.0976958e-002  4.4655000e+004
  6.0000000e+001  3.9405971e-002  3.4519000e+004
  6.5000000e+001  3.0385258e-002  2.6617000e+004
  7.0000000e+001  2.2337166e-002  1.9567000e+004
  7.5000000e+001  1.4859860e-002  1.3017000e+004
  8.0000000e+001  8.1599664e-003  7.1480000e+003
  8.5000000e+001  3.5548594e-003  3.1140000e+003
  9.0000000e+001  1.1130340e-003  9.7500000e+002
  9.5000000e+001  2.8082705e-004  2.4600000e+002
