  5.0000000e+000  0.0000000e+000  5.3937817e-003  6.5184806e-002  6.5451123e-002  5.9879796e-002  6.7484723e-002  8.6381913e-002
  1.0000000e+001  0.0000000e+000  1.1148477e-002  1.0151735e-001  1.4876520e-001  1.4223591e-001  1.4911534e-001  1.7585080e-001
  1.5000000e+001  0.0000000e+000  1.7673664e-002  1.3369771e-001  2.3248933e-001  2.4473337e-001  2.5061869e-001  2.7650879e-001
  2.0000000e+001  1.7450380e-003  2.7087263e-002  1.7213394e-001  3.1445581e-001  3.5242115e-001  3.6108627e-001  3.8594362e-001
  2.5000000e+001  2.1496313e-002  5.2388948e-002  2.3131484e-001  3.9381292e-001  4.5019491e-001  4.6236665e-001  4.9034822e-001
  3.0000000e+001  7.4282678e-002  1.2085750e-001  3.2255852e-001  4.6617608e-001  5.2414765e-001  5.3948329e-001  5.7713058e-001
  3.5000000e+001  1.4560847e-001  2.0171395e-001  4.2776862e-001  5.3968364e-001  5.8120546e-001  5.9749658e-001  6.4554877e-001
  4.0000000e+001  2.1406174e-001  2.6119680e-001  5.2147888e-001  6.3714229e-001  6.5541001e-001  6.6329370e-001  7.0896005e-001
  4.5000000e+001  2.7014461e-001  3.0361344e-001  5.9346786e-001  7.3150512e-001  7.3931188e-001  7.3482929e-001  7.6807480e-001
  5.0000000e+001  3.2058120e-001  3.4433192e-001  6.6236158e-001  8.1477126e-001  8.1748567e-001  8.0154157e-001  8.2124872e-001
  5.5000000e+001  3.7431942e-001  4.0201215e-001  7.4387698e-001  8.8723919e-001  8.8235915e-001  8.5646510e-001  8.6706793e-001
  6.0000000e+001  4.3077563e-001  4.7908795e-001  8.1773903e-001  9.3224732e-001  9.2080335e-001  8.9179339e-001  9.0089990e-001
  6.5000000e+001  5.0820757e-001  5.9440593e-001  8.8698232e-001  9.6149816e-001  9.4611082e-001  9.1994734e-001  9.2921754e-001
  7.0000000e+001  6.0616702e-001  7.1913870e-001  9.3464318e-001  9.7716688e-001  9.6205167e-001  9.4281244e-001  9.5176168e-001
  7.5000000e+001  7.3414180e-001  8.3868752e-001  9.6570028e-001  9.8631475e-001  9.7447676e-001  9.6297553e-001  9.6956357e-001
  8.0000000e+001  8.7590736e-001  9.2940216e-001  9.8362270e-001  9.9221104e-001  9.8530141e-001  9.8019894e-001  9.8334732e-001
  8.5000000e+001  9.6894846e-001  9.7093988e-001  9.9167332e-001  9.9563063e-001  9.9220503e-001  9.9000605e-001  9.9121631e-001
  9.0000000e+001  9.9544690e-001  9.9303327e-001  9.9733049e-001  9.9858945e-001  9.9775638e-001  9.9720182e-001  9.9725587e-001
  9.5000000e+001  1.0000000e+000  1.0000000e+000  1.0000000e+000  1.0000000e+000  1.0000000e+000  1.0000000e+000  1.0000000e+000
