  5.0000000e+000  9.5314924e-002  1.6280380e+006
  1.0000000e+001  7.3100332e-002  1.2485990e+006
  1.5000000e+001  7.1788905e-002  1.2261990e+006
  2.0000000e+001  9.1408509e-002  1.5613140e+006
  2.5000000e+001  9.9454411e-002  1.6987430e+006
  3.0000000e+001  8.6711197e-002  1.4810810e+006
  3.5000000e+001  7.4186359e-002  1.2671490e+006
  4.0000000e+001  7.0511960e-002  1.2043880e+006
  4.5000000e+001  6.2815870e-002  1.0729340e+006
  5.0000000e+001  6.7156871e-002  1.1470810e+006
  5.5000000e+001  6.0534805e-002  1.0339720e+006
  6.0000000e+001  4.7532174e-002  8.1187900e+005
  6.5000000e+001  2.9715139e-002  5.0755300e+005
  7.0000000e+001  2.0091835e-002  3.4318100e+005
  7.5000000e+001  2.6289619e-002  4.4904300e+005
  8.0000000e+001  1.1293091e-002  1.9289300e+005
  8.5000000e+001  9.1486726e-003  1.5626500e+005
  9.0000000e+001  2.3398448e-003  3.9966000e+004
  9.5000000e+001  6.0548153e-004  1.0342000e+004
