  5.0000000e+000  1.3909160e-001  1.8080600e+005
  1.0000000e+001  1.3073407e-001  1.6994200e+005
  1.5000000e+001  1.2313813e-001  1.6006800e+005
  2.0000000e+001  1.1805931e-001  1.5346600e+005
  2.5000000e+001  1.0684157e-001  1.3888400e+005
  3.0000000e+001  8.7418629e-002  1.1363600e+005
  3.5000000e+001  6.5127786e-002  8.4660000e+004
  4.0000000e+001  5.0794442e-002  6.6028000e+004
  4.5000000e+001  4.1570698e-002  5.4038000e+004
  5.0000000e+001  3.4507111e-002  4.4856000e+004
  5.5000000e+001  2.8094339e-002  3.6520000e+004
  6.0000000e+001  2.2777801e-002  2.9609000e+004
  6.5000000e+001  1.7792056e-002  2.3128000e+004
  7.0000000e+001  1.3594060e-002  1.7671000e+004
  7.5000000e+001  9.9661052e-003  1.2955000e+004
  8.0000000e+001  6.2542984e-003  8.1300000e+003
  8.5000000e+001  2.9355969e-003  3.8160000e+003
  9.0000000e+001  1.0339209e-003  1.3440000e+003
  9.5000000e+001  2.6848095e-004  3.4900000e+002
