  5.0000000e+000  5.6792611e-002  1.6962800e+005
  1.0000000e+001  7.4422199e-002  2.2228400e+005
  1.5000000e+001  9.2815816e-002  2.7722200e+005
  2.0000000e+001  1.0170962e-001  3.0378600e+005
  2.5000000e+001  9.6709284e-002  2.8885100e+005
  3.0000000e+001  7.8030077e-002  2.3306000e+005
  3.5000000e+001  6.1567626e-002  1.8389000e+005
  4.0000000e+001  5.9333125e-002  1.7721600e+005
  4.5000000e+001  5.9079342e-002  1.7645800e+005
  5.0000000e+001  6.6091536e-002  1.9740200e+005
  5.5000000e+001  6.3459284e-002  1.8954000e+005
  6.0000000e+001  5.0018799e-002  1.4939600e+005
  6.5000000e+001  3.7235875e-002  1.1121600e+005
  7.0000000e+001  3.6309130e-002  1.0844800e+005
  7.5000000e+001  2.9528622e-002  8.8196000e+004
  8.0000000e+001  1.9559749e-002  5.8421000e+004
  8.5000000e+001  1.0796850e-002  3.2248000e+004
  9.0000000e+001  5.0716537e-003  1.5148000e+004
  9.5000000e+001  1.4687975e-003  4.3870000e+003
