  5.0000000e+000  0.0000000e+000  9.1245520e-003  6.5987244e-002  6.0233970e-002  5.0547454e-002  5.4944424e-002  7.8023119e-002
  1.0000000e+001  0.0000000e+000  1.5867583e-002  1.0336990e-001  1.3697497e-001  1.1212841e-001  1.1345029e-001  1.4876963e-001
  1.5000000e+001  0.0000000e+000  2.3174828e-002  1.3718449e-001  2.1904878e-001  1.9308183e-001  1.8959444e-001  2.2840149e-001
  2.0000000e+001  6.4430035e-003  3.5105354e-002  1.7824959e-001  3.0393344e-001  2.9706956e-001  2.9088637e-001  3.2478185e-001
  2.5000000e+001  4.0029052e-002  7.0804410e-002  2.4262922e-001  3.9422483e-001  4.1981394e-001  4.1651643e-001  4.4567266e-001
  3.0000000e+001  1.1562555e-001  1.6847584e-001  3.3140747e-001  4.6522525e-001  5.1244962e-001  5.2025096e-001  5.5696495e-001
  3.5000000e+001  2.0228354e-001  2.6500781e-001  4.4200311e-001  5.3437969e-001  5.7044279e-001  5.8599812e-001  6.4175812e-001
  4.0000000e+001  2.7593082e-001  3.2380790e-001  5.3691467e-001  6.3320619e-001  6.3502699e-001  6.4600807e-001  7.1236708e-001
  4.5000000e+001  3.3570067e-001  3.6682524e-001  6.1064829e-001  7.3405792e-001  7.1131799e-001  7.0893603e-001  7.7220626e-001
  5.0000000e+001  3.8755006e-001  4.0522280e-001  6.7160388e-001  8.1563059e-001  7.8810075e-001  7.7196828e-001  8.2233602e-001
  5.5000000e+001  4.3945431e-001  4.5110859e-001  7.3449560e-001  8.8074258e-001  8.5859120e-001  8.3332612e-001  8.6681367e-001
  6.0000000e+001  4.9532427e-001  5.1500589e-001  8.0140737e-001  9.2642716e-001  9.0801489e-001  8.7972281e-001  9.0305189e-001
  6.5000000e+001  5.5500781e-001  5.9734013e-001  8.5886331e-001  9.5261582e-001  9.3456093e-001  9.0818294e-001  9.2799679e-001
  7.0000000e+001  6.4886362e-001  7.1800177e-001  9.1524447e-001  9.7191753e-001  9.5493964e-001  9.3505839e-001  9.5093486e-001
  7.5000000e+001  7.6573769e-001  8.3709334e-001  9.5435213e-001  9.8334807e-001  9.6984872e-001  9.5749809e-001  9.6834927e-001
  8.0000000e+001  8.8827983e-001  9.2744593e-001  9.7785977e-001  9.9047672e-001  9.8204619e-001  9.7592234e-001  9.8198147e-001
  8.5000000e+001  9.7907103e-001  9.7393073e-001  9.9001744e-001  9.9515636e-001  9.9120675e-001  9.8890310e-001  9.9141701e-001
  9.0000000e+001  9.9689589e-001  9.9390658e-001  9.9681430e-001  9.9842191e-001  9.9742883e-001  9.9685203e-001  9.9734663e-001
  9.5000000e+001  1.0000000e+000  1.0000000e+000  1.0000000e+000  1.0000000e+000  1.0000000e+000  1.0000000e+000  1.0000000e+000
