  5.0000000e+000  0.0000000e+000  1.3967351e-002  8.3541237e-002  1.0187610e-001  1.0031196e-001  1.0911031e-001  1.1882655e-001
  1.0000000e+001  0.0000000e+000  2.5523514e-002  1.3693004e-001  2.1991279e-001  2.4606773e-001  2.7101013e-001  2.7169422e-001
  1.5000000e+001  0.0000000e+000  3.6842476e-002  1.9357607e-001  3.3574530e-001  4.0057280e-001  4.4920216e-001  4.4550908e-001
  2.0000000e+001  7.2535886e-003  5.4771414e-002  2.6439368e-001  4.3024987e-001  5.1363359e-001  5.7158333e-001  5.8285852e-001
  2.5000000e+001  3.7432675e-002  1.0184956e-001  3.4594103e-001  4.9330720e-001  5.7980613e-001  6.3776827e-001  6.6860087e-001
  3.0000000e+001  1.0003906e-001  1.8157755e-001  4.3421226e-001  5.4366753e-001  6.2184728e-001  6.7400619e-001  7.1276911e-001
  3.5000000e+001  1.7815212e-001  2.5145406e-001  5.2856494e-001  6.2654321e-001  6.8897658e-001  7.3323356e-001  7.6374538e-001
  4.0000000e+001  2.5156955e-001  3.0236095e-001  6.0812269e-001  7.3837295e-001  7.8949635e-001  8.2106150e-001  8.2910440e-001
  4.5000000e+001  3.1504335e-001  3.4761740e-001  6.7929116e-001  8.4000148e-001  8.8175946e-001  8.9952263e-001  8.9041742e-001
  5.0000000e+001  3.7618753e-001  4.0478192e-001  7.5883103e-001  9.1302391e-001  9.3787646e-001  9.4399039e-001  9.2991272e-001
  5.5000000e+001  4.5062489e-001  5.0281540e-001  8.4854813e-001  9.5878319e-001  9.6761806e-001  9.6582328e-001  9.5096666e-001
  6.0000000e+001  5.2123545e-001  6.1125964e-001  9.0682781e-001  9.7806313e-001  9.7982559e-001  9.7609986e-001  9.6326188e-001
  6.5000000e+001  5.9566781e-001  7.1680967e-001  9.4221557e-001  9.8698239e-001  9.8669586e-001  9.8362149e-001  9.7471082e-001
  7.0000000e+001  6.7944531e-001  8.1387729e-001  9.6537015e-001  9.9201198e-001  9.9118604e-001  9.8938984e-001  9.8387618e-001
  7.5000000e+001  7.7981197e-001  8.9541854e-001  9.8059553e-001  9.9511972e-001  9.9444256e-001  9.9373011e-001  9.9047943e-001
  8.0000000e+001  8.8916517e-001  9.5437169e-001  9.9024604e-001  9.9719989e-001  9.9688334e-001  9.9665861e-001  9.9474379e-001
  8.5000000e+001  9.7667836e-001  9.8510975e-001  9.9582680e-001  9.9882830e-001  9.9877821e-001  9.9875899e-001  9.9783774e-001
  9.0000000e+001  9.9663404e-001  9.9703669e-001  9.9873930e-001  9.9963376e-001  9.9965283e-001  9.9963190e-001  9.9929251e-001
  9.5000000e+001  1.0000000e+000  1.0000000e+000  1.0000000e+000  1.0000000e+000  1.0000000e+000  1.0000000e+000  1.0000000e+000
