  5.0000000e+000  1.2395673e-001  3.4037160e+006
  1.0000000e+001  1.3336730e-001  3.6621200e+006
  1.5000000e+001  1.3269357e-001  3.6436200e+006
  2.0000000e+001  1.1336119e-001  3.1127740e+006
  2.5000000e+001  9.0839860e-002  2.4943630e+006
  3.0000000e+001  7.4922655e-002  2.0572940e+006
  3.5000000e+001  6.4863514e-002  1.7810810e+006
  4.0000000e+001  5.4960169e-002  1.5091460e+006
  4.5000000e+001  4.7259352e-002  1.2976900e+006
  5.0000000e+001  4.0302082e-002  1.1066510e+006
  5.5000000e+001  3.4555094e-002  9.4884500e+005
  6.0000000e+001  2.7318497e-002  7.5013600e+005
  6.5000000e+001  2.1920722e-002  6.0191900e+005
  7.0000000e+001  1.7106291e-002  4.6972000e+005
  7.5000000e+001  1.1812380e-002  3.2435500e+005
  8.0000000e+001  6.6719342e-003  1.8320400e+005
  8.5000000e+001  2.9987723e-003  8.2343000e+004
  9.0000000e+001  8.9752308e-004  2.4645000e+004
  9.5000000e+001  1.9236019e-004  5.2820000e+003
