  5.0000000e+000  2.0730236e-001  2.8385790e+006
  1.0000000e+001  1.6006992e-001  2.1918280e+006
  1.5000000e+001  1.2622226e-001  1.7283540e+006
  2.0000000e+001  1.0193617e-001  1.3958060e+006
  2.5000000e+001  8.5151977e-002  1.1659810e+006
  3.0000000e+001  7.1336976e-002  9.7681300e+005
  3.5000000e+001  5.6083934e-002  7.6795400e+005
  4.0000000e+001  4.4256015e-002  6.0599500e+005
  4.5000000e+001  3.5739291e-002  4.8937600e+005
  5.0000000e+001  2.9491692e-002  4.0382800e+005
  5.5000000e+001  2.4310920e-002  3.3288800e+005
  6.0000000e+001  1.9550146e-002  2.6769900e+005
  6.5000000e+001  1.5121952e-002  2.0706400e+005
  7.0000000e+001  1.0914529e-002  1.4945200e+005
  7.5000000e+001  6.9966708e-003  9.5805000e+004
  8.0000000e+001  3.6724762e-003  5.0287000e+004
  8.5000000e+001  1.4278890e-003  1.9552000e+004
  9.0000000e+001  3.6113498e-004  4.9450000e+003
  9.5000000e+001  5.3677293e-005  7.3500000e+002
