  5.0000000e+000  0.0000000e+000  1.2299332e-002  5.7052399e-002  6.8909915e-002  7.9275657e-002  9.7859688e-002  1.1641957e-001
  1.0000000e+001  0.0000000e+000  3.0305603e-002  1.1486964e-001  1.6932612e-001  1.9353636e-001  2.2184204e-001  2.6714098e-001
  1.5000000e+001  0.0000000e+000  5.5820046e-002  1.8991870e-001  3.0649644e-001  3.5152026e-001  3.8249522e-001  4.4989864e-001
  2.0000000e+001  4.9164690e-002  9.1408055e-002  2.7012969e-001  4.1203767e-001  4.6767774e-001  4.9843075e-001  5.7728845e-001
  2.5000000e+001  1.3349671e-001  1.5096096e-001  3.5320807e-001  4.7227769e-001  5.2605640e-001  5.5966680e-001  6.4283159e-001
  3.0000000e+001  1.9079842e-001  2.0750878e-001  4.5300330e-001  5.4099049e-001  5.7800708e-001  6.1139297e-001  6.8738821e-001
  3.5000000e+001  2.3099341e-001  2.4716018e-001  5.3372622e-001  6.3267865e-001  6.4976858e-001  6.7421007e-001  7.3786716e-001
  4.0000000e+001  2.7095125e-001  2.8561985e-001  6.0778189e-001  7.4054973e-001  7.5107606e-001  7.5753357e-001  8.0662983e-001
  4.5000000e+001  3.1739130e-001  3.3870166e-001  6.9119242e-001  8.3726273e-001  8.3553949e-001  8.2764235e-001  8.6644938e-001
  5.0000000e+001  3.7723847e-001  4.1642458e-001  7.7740636e-001  9.0080204e-001  8.8736048e-001  8.7280836e-001  9.0428872e-001
  5.5000000e+001  4.5011858e-001  5.1245398e-001  8.4685470e-001  9.3642192e-001  9.1806561e-001  9.0247068e-001  9.3056163e-001
  6.0000000e+001  5.3305929e-001  6.1409329e-001  8.9220592e-001  9.5507688e-001  9.3627145e-001  9.2361422e-001  9.4868635e-001
  6.5000000e+001  6.4258762e-001  7.3647104e-001  9.3077411e-001  9.6996077e-001  9.5447729e-001  9.4515893e-001  9.6267737e-001
  7.0000000e+001  7.5139921e-001  8.4041495e-001  9.5530393e-001  9.7928663e-001  9.6871124e-001  9.6347075e-001  9.7523749e-001
  7.5000000e+001  8.6460606e-001  9.2399643e-001  9.7407457e-001  9.8738133e-001  9.8115379e-001  9.7878566e-001  9.8382289e-001
  8.0000000e+001  9.5051910e-001  9.6869674e-001  9.8551979e-001  9.9321726e-001  9.9058095e-001  9.8872030e-001  9.9125561e-001
  8.5000000e+001  9.9202635e-001  9.8616628e-001  9.9187621e-001  9.9637112e-001  9.9555797e-001  9.9421856e-001  9.9558806e-001
  9.0000000e+001  9.9918841e-001  9.9679781e-001  9.9746779e-001  9.9910167e-001  9.9888139e-001  9.9853694e-001  9.9916531e-001
  9.5000000e+001  1.0000000e+000  1.0000000e+000  1.0000000e+000  1.0000000e+000  1.0000000e+000  1.0000000e+000  1.0000000e+000
