  5.0000000e+000  4.5052003e-002  6.0960000e+004
  1.0000000e+001  5.8479657e-002  7.9129000e+004
  1.5000000e+001  7.8731626e-002  1.0653200e+005
  2.0000000e+001  7.5643170e-002  1.0235300e+005
  2.5000000e+001  6.8725736e-002  9.2993000e+004
  3.0000000e+001  6.8920843e-002  9.3257000e+004
  3.5000000e+001  6.5296581e-002  8.8353000e+004
  4.0000000e+001  7.0732975e-002  9.5709000e+004
  4.5000000e+001  7.2806726e-002  9.8515000e+004
  5.0000000e+001  6.9619238e-002  9.4202000e+004
  5.5000000e+001  6.2831137e-002  8.5017000e+004
  6.0000000e+001  5.4326980e-002  7.3510000e+004
  6.5000000e+001  6.0537890e-002  8.1914000e+004
  7.0000000e+001  5.0778839e-002  6.8709000e+004
  7.5000000e+001  4.4423078e-002  6.0109000e+004
  8.0000000e+001  2.8361477e-002  3.8376000e+004
  8.5000000e+001  1.3047787e-002  1.7655000e+004
  9.0000000e+001  8.9165422e-003  1.2065000e+004
  9.5000000e+001  2.7677124e-003  3.7450000e+003
