  5.0000000e+000  1.2611140e-001  1.2114349e+007
  1.0000000e+001  1.1897371e-001  1.1428698e+007
  1.5000000e+001  1.0990955e-001  1.0557988e+007
  2.0000000e+001  1.0166013e-001  9.7655430e+006
  2.5000000e+001  9.4990159e-002  9.1248210e+006
  3.0000000e+001  8.6415133e-002  8.3010980e+006
  3.5000000e+001  7.3822605e-002  7.0914510e+006
  4.0000000e+001  6.1856567e-002  5.9419850e+006
  4.5000000e+001  5.3019550e-002  5.0930950e+006
  5.0000000e+001  4.4976969e-002  4.3205190e+006
  5.5000000e+001  3.7402706e-002  3.5929300e+006
  6.0000000e+001  2.9036735e-002  2.7892890e+006
  6.5000000e+001  2.1255623e-002  2.0418300e+006
  7.0000000e+001  1.6139441e-002  1.5503660e+006
  7.5000000e+001  1.1473090e-002  1.1021130e+006
  8.0000000e+001  7.2333849e-003  6.9484400e+005
  8.5000000e+001  3.7605182e-003  3.6123800e+005
  9.0000000e+001  1.5092541e-003  1.4498000e+005
  9.5000000e+001  4.5347370e-004  4.3561000e+004
