  5.0000000e+000  1.0529606e-001  5.3564000e+004
  1.0000000e+001  1.1026756e-001  5.6093000e+004
  1.5000000e+001  1.1812880e-001  6.0092000e+004
  2.0000000e+001  1.1782410e-001  5.9937000e+004
  2.5000000e+001  1.0724023e-001  5.4553000e+004
  3.0000000e+001  8.8460956e-002  4.5000000e+004
  3.5000000e+001  6.5290083e-002  3.3213000e+004
  4.0000000e+001  5.3349820e-002  2.7139000e+004
  4.5000000e+001  5.6599286e-002  2.8792000e+004
  5.0000000e+001  5.1026245e-002  2.5957000e+004
  5.5000000e+001  3.5873866e-002  1.8249000e+004
  6.0000000e+001  2.2598826e-002  1.1496000e+004
  6.5000000e+001  1.2486755e-002  6.3520000e+003
  7.0000000e+001  1.3335981e-002  6.7840000e+003
  7.5000000e+001  1.6760403e-002  8.5260000e+003
  8.0000000e+001  1.3442134e-002  6.8380000e+003
  8.5000000e+001  8.3684065e-003  4.2570000e+003
  9.0000000e+001  2.7049395e-003  1.3760000e+003
  9.5000000e+001  9.4554933e-004  4.8100000e+002
