  5.0000000e+000  1.2600242e-001  1.2097810e+006
  1.0000000e+001  1.2072707e-001  1.1591310e+006
  1.5000000e+001  1.1257303e-001  1.0808420e+006
  2.0000000e+001  1.0759649e-001  1.0330610e+006
  2.5000000e+001  9.9928843e-002  9.5944200e+005
  3.0000000e+001  8.4253699e-002  8.0894100e+005
  3.5000000e+001  7.0518720e-002  6.7706800e+005
  4.0000000e+001  5.6615012e-002  5.4357500e+005
  4.5000000e+001  4.7742628e-002  4.5838900e+005
  5.0000000e+001  4.2404678e-002  4.0713800e+005
  5.5000000e+001  3.6006762e-002  3.4571000e+005
  6.0000000e+001  2.9041421e-002  2.7883400e+005
  6.5000000e+001  2.2639027e-002  2.1736300e+005
  7.0000000e+001  1.5541827e-002  1.4922100e+005
  7.5000000e+001  1.1043143e-002  1.0602800e+005
  8.0000000e+001  8.6451225e-003  8.3004000e+004
  8.5000000e+001  5.4282504e-003  5.2118000e+004
  9.0000000e+001  2.4002078e-003  2.3045000e+004
  9.5000000e+001  8.9165455e-004  8.5610000e+003
