  1.0000000e+000  2.0784897e-002  2.0784897e-002
  2.0000000e+000  7.8982607e-002  5.8197710e-002
  3.0000000e+000  1.8761833e-001  1.0863573e-001
  4.0000000e+000  3.3970835e-001  1.5209002e-001
  5.0000000e+000  5.1004917e-001  1.7034082e-001
  6.0000000e+000  6.6903393e-001  1.5898476e-001
  7.0000000e+000  7.9622174e-001  1.2718781e-001
  8.0000000e+000  8.8525321e-001  8.9031468e-002
  9.0000000e+000  9.4065057e-001  5.5397358e-002
  1.0000000e+001  9.7167309e-001  3.1022520e-002
  1.1000000e+001  1.0000000e+000  1.5793283e-002
