  5.0000000e+000  1.8019557e-001  1.7772350e+006
  1.0000000e+001  1.5208746e-001  1.5000100e+006
  1.5000000e+001  1.2881965e-001  1.2705240e+006
  2.0000000e+001  1.0604663e-001  1.0459180e+006
  2.5000000e+001  9.0941914e-002  8.9694300e+005
  3.0000000e+001  7.5684196e-002  7.4645900e+005
  3.5000000e+001  6.0925525e-002  6.0089700e+005
  4.0000000e+001  4.8425033e-002  4.7760700e+005
  4.5000000e+001  3.7795103e-002  3.7276600e+005
  5.0000000e+001  3.1523667e-002  3.1091200e+005
  5.5000000e+001  2.6885943e-002  2.6517100e+005
  6.0000000e+001  2.1678706e-002  2.1381300e+005
  6.5000000e+001  1.4129946e-002  1.3936100e+005
  7.0000000e+001  9.6763479e-003  9.5436000e+004
  7.5000000e+001  7.2862587e-003  7.1863000e+004
  8.0000000e+001  4.6459367e-003  4.5822000e+004
  8.5000000e+001  2.2376985e-003  2.2070000e+004
  9.0000000e+001  8.0808597e-004  7.9700000e+003
  9.5000000e+001  2.0633061e-004  2.0350000e+003
