  5.0000000e+000  8.8873826e-002  1.8737690e+006
  1.0000000e+001  8.4836730e-002  1.7886530e+006
  1.5000000e+001  7.6401640e-002  1.6108120e+006
  2.0000000e+001  7.9929807e-002  1.6851980e+006
  2.5000000e+001  7.7901915e-002  1.6424430e+006
  3.0000000e+001  8.4897584e-002  1.7899360e+006
  3.5000000e+001  8.1492642e-002  1.7181480e+006
  4.0000000e+001  7.0811433e-002  1.4929510e+006
  4.5000000e+001  6.8225189e-002  1.4384240e+006
  5.0000000e+001  6.4157880e-002  1.3526710e+006
  5.5000000e+001  5.8972112e-002  1.2433370e+006
  6.0000000e+001  4.7777088e-002  1.0073070e+006
  6.5000000e+001  3.9409065e-002  8.3088000e+005
  7.0000000e+001  2.7060199e-002  5.7052300e+005
  7.5000000e+001  2.0190932e-002  4.2569500e+005
  8.0000000e+001  1.4568187e-002  3.0714800e+005
  8.5000000e+001  9.1054254e-003  1.9197400e+005
  9.0000000e+001  3.9775229e-003  8.3860000e+004
  9.5000000e+001  1.4108206e-003  2.9745000e+004
