  5.0000000e+000  4.7361267e-002  1.9208860e+006
  1.0000000e+001  4.6943028e-002  1.9039230e+006
  1.5000000e+001  5.1795023e-002  2.1007110e+006
  2.0000000e+001  6.0664360e-002  2.4604350e+006
  2.5000000e+001  7.8345659e-002  3.1775560e+006
  3.0000000e+001  8.6074041e-002  3.4910050e+006
  3.5000000e+001  8.3077801e-002  3.3694830e+006
  4.0000000e+001  8.0984191e-002  3.2845700e+006
  4.5000000e+001  7.4477338e-002  3.0206640e+006
  5.0000000e+001  6.4175047e-002  2.6028220e+006
  5.5000000e+001  5.9809612e-002  2.4257680e+006
  6.0000000e+001  5.4308426e-002  2.2026500e+006
  6.5000000e+001  4.5328779e-002  1.8384520e+006
  7.0000000e+001  5.1082713e-002  2.0718210e+006
  7.5000000e+001  4.4951025e-002  1.8231310e+006
  8.0000000e+001  3.4768118e-002  1.4101310e+006
  8.5000000e+001  2.0755575e-002  8.4180800e+005
  9.0000000e+001  1.1012876e-002  4.4666200e+005
  9.5000000e+001  4.0851209e-003  1.6568500e+005
