  5.0000000e+000  1.3347837e-001  6.6102400e+005
  1.0000000e+001  1.4559579e-001  7.2103300e+005
  1.5000000e+001  1.2706982e-001  6.2928700e+005
  2.0000000e+001  1.1407726e-001  5.6494400e+005
  2.5000000e+001  9.8784745e-002  4.8921100e+005
  3.0000000e+001  8.1161191e-002  4.0193400e+005
  3.5000000e+001  6.7985880e-002  3.3668600e+005
  4.0000000e+001  5.6470811e-002  2.7966000e+005
  4.5000000e+001  4.3444320e-002  2.1514900e+005
  5.0000000e+001  3.4709982e-002  1.7189400e+005
  5.5000000e+001  2.5966961e-002  1.2859600e+005
  6.0000000e+001  2.0571683e-002  1.0187700e+005
  6.5000000e+001  1.6529111e-002  8.1857000e+004
  7.0000000e+001  1.2941682e-002  6.4091000e+004
  7.5000000e+001  1.0610237e-002  5.2545000e+004
  8.0000000e+001  6.7663606e-003  3.3509000e+004
  8.5000000e+001  2.5355931e-003  1.2557000e+004
  9.0000000e+001  1.0292202e-003  5.0970000e+003
  9.5000000e+001  2.7098558e-004  1.3420000e+003
