  5.0000000e+000  9.0346471e-002  5.7606500e+005
  1.0000000e+001  9.6732587e-002  6.1678400e+005
  1.5000000e+001  1.0772099e-001  6.8684800e+005
  2.0000000e+001  1.0959045e-001  6.9876800e+005
  2.5000000e+001  9.7429870e-002  6.2123000e+005
  3.0000000e+001  8.1962763e-002  5.2260900e+005
  3.5000000e+001  7.1138563e-002  4.5359200e+005
  4.0000000e+001  6.6153757e-002  4.2180800e+005
  4.5000000e+001  5.8345943e-002  3.7202400e+005
  5.0000000e+001  5.2179551e-002  3.3270600e+005
  5.5000000e+001  4.6425475e-002  2.9601700e+005
  6.0000000e+001  3.5503568e-002  2.2637700e+005
  6.5000000e+001  2.6915976e-002  1.7162100e+005
  7.0000000e+001  2.1369862e-002  1.3625800e+005
  7.5000000e+001  1.5048204e-002  9.5950000e+004
  8.0000000e+001  1.0978681e-002  7.0002000e+004
  8.5000000e+001  7.2115324e-003  4.5982000e+004
  9.0000000e+001  3.4824948e-003  2.2205000e+004
  9.5000000e+001  1.4632595e-003  9.3300000e+003
