  1.0000000e+000  2.8845262e-002  2.8845262e-002
  2.0000000e+000  1.0384294e-001  7.4997681e-002
  3.0000000e+000  2.3383892e-001  1.2999598e-001
  4.0000000e+000  4.0283370e-001  1.6899477e-001
  5.0000000e+000  5.7858826e-001  1.7575456e-001
  6.0000000e+000  7.3090888e-001  1.5232062e-001
  7.0000000e+000  8.4406134e-001  1.1315246e-001
  8.0000000e+000  9.1761044e-001  7.3549101e-002
  9.0000000e+000  9.6010548e-001  4.2495036e-002
  1.0000000e+001  9.8220290e-001  2.2097419e-002
  1.1000000e+001  1.0000000e+000  1.0446052e-002
