  5.0000000e+000  8.4180339e-002  7.8298600e+005
  1.0000000e+001  6.9603549e-002  6.4740300e+005
  1.5000000e+001  7.5530359e-002  7.0253000e+005
  2.0000000e+001  1.0041658e-001  9.3400400e+005
  2.5000000e+001  1.0246962e-001  9.5310000e+005
  3.0000000e+001  8.7066067e-002  8.0982700e+005
  3.5000000e+001  7.3525154e-002  6.8387900e+005
  4.0000000e+001  7.0007579e-002  6.5116100e+005
  4.5000000e+001  7.2055788e-002  6.7021200e+005
  5.0000000e+001  7.5188041e-002  6.9934600e+005
  5.5000000e+001  6.1652504e-002  5.7344800e+005
  6.0000000e+001  3.9165522e-002  3.6429000e+005
  6.5000000e+001  2.4168575e-002  2.2479900e+005
  7.0000000e+001  1.4765689e-002  1.3734000e+005
  7.5000000e+001  2.2738452e-002  2.1149700e+005
  8.0000000e+001  1.4810306e-002  1.3775500e+005
  8.5000000e+001  8.8438242e-003  8.2259000e+004
  9.0000000e+001  2.8975541e-003  2.6951000e+004
  9.5000000e+001  9.1449651e-004  8.5060000e+003
