  1.0000000e+000  1.6162724e-002  1.6162724e-002
  2.0000000e+000  6.3842762e-002  4.7680037e-002
  3.0000000e+000  1.5761350e-001  9.3770740e-002
  4.0000000e+000  2.9592534e-001  1.3831184e-001
  5.0000000e+000  4.5913331e-001  1.6320797e-001
  6.0000000e+000  6.1962115e-001  1.6048784e-001
  7.0000000e+000  7.5488948e-001  1.3526832e-001
  8.0000000e+000  8.5464986e-001  9.9760387e-002
  9.0000000e+000  9.2004834e-001  6.5398476e-002
  1.0000000e+001  9.5863344e-001  3.8585101e-002
  1.1000000e+001  1.0000000e+000  2.0695645e-002
