  5.0000000e+000  1.2811097e-001  7.7693000e+005
  1.0000000e+001  1.2424322e-001  7.5347400e+005
  1.5000000e+001  1.1617002e-001  7.0451400e+005
  2.0000000e+001  1.0280653e-001  6.2347100e+005
  2.5000000e+001  8.8724757e-002  5.3807200e+005
  3.0000000e+001  7.7269088e-002  4.6859900e+005
  3.5000000e+001  7.9845059e-002  4.8422100e+005
  4.0000000e+001  6.6033716e-002  4.0046200e+005
  4.5000000e+001  5.3736428e-002  3.2588500e+005
  5.0000000e+001  4.3598096e-002  2.6440100e+005
  5.5000000e+001  3.4384158e-002  2.0852300e+005
  6.0000000e+001  2.8008043e-002  1.6985500e+005
  6.5000000e+001  2.1581800e-002  1.3088300e+005
  7.0000000e+001  1.4972855e-002  9.0803000e+004
  7.5000000e+001  1.0556504e-002  6.4020000e+004
  8.0000000e+001  6.0006517e-003  3.6391000e+004
  8.5000000e+001  2.9019667e-003  1.7599000e+004
  9.0000000e+001  8.9240545e-004  5.4120000e+003
  9.5000000e+001  1.6373958e-004  9.9300000e+002
