  5.0000000e+000  1.4342236e-001  3.0203000e+006
  1.0000000e+001  1.3463643e-001  2.8352790e+006
  1.5000000e+001  1.2373318e-001  2.6056700e+006
  2.0000000e+001  1.1093558e-001  2.3361680e+006
  2.5000000e+001  9.9931805e-002  2.1044420e+006
  3.0000000e+001  8.3172051e-002  1.7515020e+006
  3.5000000e+001  7.0177709e-002  1.4778570e+006
  4.0000000e+001  5.7652245e-002  1.2140860e+006
  4.5000000e+001  4.6690737e-002  9.8325000e+005
  5.0000000e+001  2.8850103e-002  6.0754800e+005
  5.5000000e+001  2.7123080e-002  5.7117900e+005
  6.0000000e+001  2.4642642e-002  5.1894400e+005
  6.5000000e+001  1.9599995e-002  4.1275200e+005
  7.0000000e+001  1.3482737e-002  2.8393000e+005
  7.5000000e+001  8.6321711e-003  1.8178300e+005
  8.0000000e+001  4.6561100e-003  9.8052000e+004
  8.5000000e+001  1.9925655e-003  4.1961000e+004
  9.0000000e+001  5.5981398e-004  1.1789000e+004
  9.5000000e+001  1.0869575e-004  2.2890000e+003
