  1.0000000e+000  3.3689735e-002  3.3689735e-002
  2.0000000e+000  1.1791407e-001  8.4224337e-002
  3.0000000e+000  2.5828797e-001  1.4037390e-001
  4.0000000e+000  4.3375534e-001  1.7546737e-001
  5.0000000e+000  6.0922271e-001  1.7546737e-001
  6.0000000e+000  7.5544552e-001  1.4622281e-001
  7.0000000e+000  8.5989038e-001  1.0444486e-001
  8.0000000e+000  9.2516842e-001  6.5278039e-002
  9.0000000e+000  9.6143400e-001  3.6265577e-002
  1.0000000e+001  9.7956678e-001  1.8132789e-002
  1.1000000e+001  1.0000000e+000  8.2421767e-003
