  5.0000000e+000  1.0459322e-001  2.9573010e+006
  1.0000000e+001  1.0059298e-001  2.8441970e+006
  1.5000000e+001  9.3689543e-002  2.6490070e+006
  2.0000000e+001  9.0068977e-002  2.5466380e+006
  2.5000000e+001  8.5384017e-002  2.4141740e+006
  3.0000000e+001  8.3168614e-002  2.3515350e+006
  3.5000000e+001  7.7763742e-002  2.1987160e+006
  4.0000000e+001  7.2161766e-002  2.0403240e+006
  4.5000000e+001  6.7053489e-002  1.8958910e+006
  5.0000000e+001  6.0264817e-002  1.7039460e+006
  5.5000000e+001  5.0533827e-002  1.4288090e+006
  6.0000000e+001  3.8907902e-002  1.1000940e+006
  6.5000000e+001  2.7442263e-002  7.7591100e+005
  7.0000000e+001  1.9214299e-002  5.4327100e+005
  7.5000000e+001  1.3484963e-002  3.8127800e+005
  8.0000000e+001  8.5412524e-003  2.4149800e+005
  8.5000000e+001  4.5086868e-003  1.2748000e+005
  9.0000000e+001  1.9370943e-003  5.4770000e+004
  9.5000000e+001  6.8854028e-004  1.9468000e+004
