  5.0000000e+000  1.3541595e-001  1.2464640e+006
  1.0000000e+001  1.3414041e-001  1.2347230e+006
  1.5000000e+001  1.2431098e-001  1.1442460e+006
  2.0000000e+001  1.0901163e-001  1.0034200e+006
  2.5000000e+001  9.3418193e-002  8.5988700e+005
  3.0000000e+001  7.9205898e-002  7.2906700e+005
  3.5000000e+001  6.8041391e-002  6.2630100e+005
  4.0000000e+001  5.6633639e-002  5.2129600e+005
  4.5000000e+001  4.6290886e-002  4.2609400e+005
  5.0000000e+001  3.7918213e-002  3.4902600e+005
  5.5000000e+001  3.1604812e-002  2.9091300e+005
  6.0000000e+001  2.6293833e-002  2.4202700e+005
  6.5000000e+001  2.1089321e-002  1.9412100e+005
  7.0000000e+001  1.5787033e-002  1.4531500e+005
  7.5000000e+001  1.0698658e-002  9.8478000e+004
  8.0000000e+001  6.1997635e-003  5.7067000e+004
  8.5000000e+001  2.8460442e-003  2.6197000e+004
  9.0000000e+001  9.0486323e-004  8.3290000e+003
  9.5000000e+001  1.8849054e-004  1.7350000e+003
