  5.0000000e+000  4.0082939e-002  2.0601300e+005
  1.0000000e+001  4.7687127e-002  2.4509600e+005
  1.5000000e+001  6.0307981e-002  3.0996300e+005
  2.0000000e+001  8.0510453e-002  4.1379700e+005
  2.5000000e+001  1.0650221e-001  5.4738600e+005
  3.0000000e+001  1.0718611e-001  5.5090100e+005
  3.5000000e+001  9.1469527e-002  4.7012300e+005
  4.0000000e+001  8.7184620e-002  4.4810000e+005
  4.5000000e+001  7.8898871e-002  4.0551400e+005
  5.0000000e+001  7.2170615e-002  3.7093300e+005
  5.5000000e+001  6.4741730e-002  3.3275100e+005
  6.0000000e+001  5.1680381e-002  2.6562000e+005
  6.5000000e+001  3.9452937e-002  2.0277500e+005
  7.0000000e+001  2.3013549e-002  1.1828200e+005
  7.5000000e+001  1.9030996e-002  9.7813000e+004
  8.0000000e+001  1.3439779e-002  6.9076000e+004
  8.5000000e+001  8.7167109e-003  4.4801000e+004
  9.0000000e+001  4.6670330e-003  2.3987000e+004
  9.5000000e+001  3.2564360e-003  1.6737000e+004
