  5.0000000e+000  0.0000000e+000  5.6669009e-003  8.5248641e-002  1.0226441e-001  9.4442620e-002  9.2808843e-002  1.0282622e-001
  1.0000000e+001  0.0000000e+000  1.1885272e-002  1.2935050e-001  2.2043471e-001  2.4731162e-001  2.5290628e-001  2.5261381e-001
  1.5000000e+001  0.0000000e+000  1.8746940e-002  1.7669780e-001  3.3005569e-001  4.0415196e-001  4.3229887e-001  4.2487343e-001
  2.0000000e+001  8.2909800e-003  3.0988867e-002  2.4084565e-001  4.2639350e-001  5.2174222e-001  5.6273764e-001  5.6123795e-001
  2.5000000e+001  7.2138287e-002  7.5274911e-002  3.1788347e-001  4.8134333e-001  5.7190864e-001  6.1488259e-001  6.3370706e-001
  3.0000000e+001  1.7980802e-001  1.5479873e-001  3.9904614e-001  5.1911219e-001  5.9719362e-001  6.3918489e-001  6.7058173e-001
  3.5000000e+001  2.8564561e-001  2.3112990e-001  4.9678103e-001  5.9884285e-001  6.5463481e-001  6.8484282e-001  7.1154928e-001
  4.0000000e+001  3.7389624e-001  2.8846048e-001  5.8309190e-001  7.1693327e-001  7.6228279e-001  7.7713655e-001  7.8299032e-001
  4.5000000e+001  4.4387356e-001  3.3753066e-001  6.5975248e-001  8.2687683e-001  8.6912090e-001  8.7307540e-001  8.6178302e-001
  5.0000000e+001  5.0750227e-001  3.9557505e-001  7.4603357e-001  9.1008698e-001  9.3850814e-001  9.3370672e-001  9.1598937e-001
  5.5000000e+001  5.7733323e-001  4.8673149e-001  8.4023263e-001  9.6082252e-001  9.7175112e-001  9.6154064e-001  9.4568696e-001
  6.0000000e+001  6.4848690e-001  6.0236670e-001  9.0792376e-001  9.8212874e-001  9.8413270e-001  9.7368524e-001  9.6026419e-001
  6.5000000e+001  7.1113285e-001  7.0996274e-001  9.4491673e-001  9.9015120e-001  9.8941067e-001  9.8089255e-001  9.6963319e-001
  7.0000000e+001  7.7646681e-001  8.1024862e-001  9.6774986e-001  9.9419292e-001  9.9288664e-001  9.8690810e-001  9.7804202e-001
  7.5000000e+001  8.4867734e-001  8.9318374e-001  9.8230764e-001  9.9656442e-001  9.9545814e-001  9.9186722e-001  9.8583982e-001
  8.0000000e+001  9.2575076e-001  9.5327622e-001  9.9129280e-001  9.9807000e-001  9.9745773e-001  9.9555164e-001  9.9237678e-001
  8.5000000e+001  9.8467591e-001  9.8389220e-001  9.9614401e-001  9.9911519e-001  9.9874487e-001  9.9799627e-001  9.9673152e-001
  9.0000000e+001  9.9798260e-001  9.9681192e-001  9.9893363e-001  9.9974267e-001  9.9966882e-001  9.9954600e-001  9.9903982e-001
  9.5000000e+001  1.0000000e+000  1.0000000e+000  1.0000000e+000  1.0000000e+000  1.0000000e+000  1.0000000e+000  1.0000000e+000
