  5.0000000e+000  5.4606534e-002  3.8165200e+005
  1.0000000e+001  6.0283638e-002  4.2133000e+005
  1.5000000e+001  6.0392664e-002  4.2209200e+005
  2.0000000e+001  5.6809813e-002  3.9705100e+005
  2.5000000e+001  5.6505483e-002  3.9492400e+005
  3.0000000e+001  6.5898645e-002  4.6057400e+005
  3.5000000e+001  8.1493869e-002  5.6957100e+005
  4.0000000e+001  8.7583900e-002  6.1213500e+005
  4.5000000e+001  7.8995703e-002  5.5211100e+005
  5.0000000e+001  7.0566467e-002  4.9319800e+005
  5.5000000e+001  6.9459605e-002  4.8546200e+005
  6.0000000e+001  6.2195464e-002  4.3469200e+005
  6.5000000e+001  4.9218880e-002  3.4399700e+005
  7.0000000e+001  4.3950983e-002  3.0717900e+005
  7.5000000e+001  3.8160131e-002  2.6670600e+005
  8.0000000e+001  3.1183008e-002  2.1794200e+005
  8.5000000e+001  1.9097521e-002  1.3347500e+005
  9.0000000e+001  1.0335196e-002  7.2234000e+004
  9.5000000e+001  3.2624962e-003  2.2802000e+004
