  5.0000000e+000  9.8602530e-002  3.3628600e+005
  1.0000000e+001  9.4972293e-002  3.2390500e+005
  1.5000000e+001  9.5934903e-002  3.2718800e+005
  2.0000000e+001  8.9567547e-002  3.0547200e+005
  2.5000000e+001  8.5465534e-002  2.9148200e+005
  3.0000000e+001  7.8845432e-002  2.6890400e+005
  3.5000000e+001  7.7146864e-002  2.6311100e+005
  4.0000000e+001  7.1609001e-002  2.4422400e+005
  4.5000000e+001  6.5967634e-002  2.2498400e+005
  5.0000000e+001  5.6977512e-002  1.9432300e+005
  5.5000000e+001  4.5437046e-002  1.5496400e+005
  6.0000000e+001  3.8020877e-002  1.2967100e+005
  6.5000000e+001  3.1349462e-002  1.0691800e+005
  7.0000000e+001  2.5031953e-002  8.5372000e+004
  7.5000000e+001  1.8280491e-002  6.2346000e+004
  8.0000000e+001  1.2932921e-002  4.4108000e+004
  8.5000000e+001  8.0993490e-003  2.7623000e+004
  9.0000000e+001  4.0011482e-003  1.3646000e+004
  9.5000000e+001  1.7575027e-003  5.9940000e+003
