  5.0000000e+000  9.6536419e-002  7.0993500e+005
  1.0000000e+001  9.4168612e-002  6.9252200e+005
  1.5000000e+001  8.6948251e-002  6.3942300e+005
  2.0000000e+001  8.0896223e-002  5.9491600e+005
  2.5000000e+001  7.7738649e-002  5.7169500e+005
  3.0000000e+001  7.4898587e-002  5.5080900e+005
  3.5000000e+001  7.2728222e-002  5.3484800e+005
  4.0000000e+001  6.8129404e-002  5.0102800e+005
  4.5000000e+001  5.9732279e-002  4.3927500e+005
  5.0000000e+001  5.2670605e-002  3.8734300e+005
  5.5000000e+001  4.8739445e-002  3.5843300e+005
  6.0000000e+001  4.6866331e-002  3.4465800e+005
  6.5000000e+001  4.0215995e-002  2.9575100e+005
  7.0000000e+001  2.8288304e-002  2.0803400e+005
  7.5000000e+001  2.3319623e-002  1.7149400e+005
  8.0000000e+001  2.0280623e-002  1.4914500e+005
  8.5000000e+001  1.5014555e-002  1.1041800e+005
  9.0000000e+001  8.7698448e-003  6.4494000e+004
  9.5000000e+001  4.0580283e-003  2.9843000e+004
