  5.0000000e+000  0.0000000e+000  1.0454891e-002  4.5196952e-002  5.1914028e-002  6.6988677e-002  8.3031988e-002  1.0534988e-001
  1.0000000e+001  0.0000000e+000  1.9579449e-002  7.7736058e-002  1.2167978e-001  1.4597406e-001  1.6664033e-001  2.0363388e-001
  1.5000000e+001  0.0000000e+000  3.1278743e-002  1.1638890e-001  2.1107436e-001  2.4120927e-001  2.5508260e-001  2.9050263e-001
  2.0000000e+001  1.9349552e-003  4.9524676e-002  1.6948857e-001  3.1112369e-001  3.3860737e-001  3.3555818e-001  3.6613425e-001
  2.5000000e+001  2.0107008e-002  8.6207500e-002  2.5185180e-001  4.0872712e-001  4.2923436e-001  4.1429541e-001  4.4420034e-001
  3.0000000e+001  6.2373040e-002  1.4215788e-001  3.5075096e-001  4.8166447e-001  5.0173918e-001  4.9190782e-001  5.3259805e-001
  3.5000000e+001  1.0930087e-001  1.8948655e-001  4.3923490e-001  5.5953631e-001  5.7178655e-001  5.6860922e-001  6.1631981e-001
  4.0000000e+001  1.5932049e-001  2.3152253e-001  5.1880415e-001  6.6039672e-001  6.5842675e-001  6.4663996e-001  6.8613247e-001
  4.5000000e+001  2.1305165e-001  2.7566222e-001  5.9517927e-001  7.6351804e-001  7.4335198e-001  7.1321800e-001  7.3969065e-001
  5.0000000e+001  2.8336421e-001  3.3775505e-001  6.8768088e-001  8.5820284e-001  8.1888321e-001  7.7234064e-001  7.9051747e-001
  5.5000000e+001  3.6103097e-001  4.2120322e-001  7.8014759e-001  9.1995105e-001  8.7220057e-001  8.2123767e-001  8.3681679e-001
  6.0000000e+001  4.3420119e-001  5.2009026e-001  8.4909225e-001  9.4990103e-001  9.0380037e-001  8.5898878e-001  8.7275480e-001
  6.5000000e+001  5.2829786e-001  6.4554259e-001  9.0616538e-001  9.6912827e-001  9.3059826e-001  8.9763231e-001  9.0746074e-001
  7.0000000e+001  6.4556579e-001  7.7700370e-001  9.4675842e-001  9.8097830e-001  9.5240055e-001  9.3387746e-001  9.3692664e-001
  7.5000000e+001  7.8669357e-001  8.8909222e-001  9.7343272e-001  9.8897370e-001  9.7149925e-001  9.6356893e-001  9.6336431e-001
  8.0000000e+001  9.1858728e-001  9.5784308e-001  9.8809590e-001  9.9427341e-001  9.8600586e-001  9.8331366e-001  9.8120714e-001
  8.5000000e+001  9.8777053e-001  9.8576416e-001  9.9471446e-001  9.9724580e-001  9.9393507e-001  9.9330687e-001  9.9142000e-001
  9.0000000e+001  9.9872610e-001  9.9646730e-001  9.9822264e-001  9.9913832e-001  9.9824871e-001  9.9816869e-001  9.9700145e-001
  9.5000000e+001  1.0000000e+000  1.0000000e+000  1.0000000e+000  1.0000000e+000  1.0000000e+000  1.0000000e+000  1.0000000e+000
