  5.0000000e+000  4.5245753e-002  8.8178000e+004
  1.0000000e+001  4.9346082e-002  9.6169000e+004
  1.5000000e+001  5.9418596e-002  1.1579900e+005
  2.0000000e+001  6.6709495e-002  1.3000800e+005
  2.5000000e+001  7.5679831e-002  1.4749000e+005
  3.0000000e+001  7.4214364e-002  1.4463400e+005
  3.5000000e+001  7.1951512e-002  1.4022400e+005
  4.0000000e+001  7.8525585e-002  1.5303600e+005
  4.5000000e+001  7.7758473e-002  1.5154100e+005
  5.0000000e+001  8.1007026e-002  1.5787200e+005
  5.5000000e+001  7.0755433e-002  1.3789300e+005
  6.0000000e+001  5.3666539e-002  1.0458900e+005
  6.5000000e+001  5.2806552e-002  1.0291300e+005
  7.0000000e+001  4.8524066e-002  9.4567000e+004
  7.5000000e+001  4.2047486e-002  8.1945000e+004
  8.0000000e+001  2.9418103e-002  5.7332000e+004
  8.5000000e+001  1.3994278e-002  2.7273000e+004
  9.0000000e+001  6.4457931e-003  1.2562000e+004
  9.5000000e+001  2.4850323e-003  4.8430000e+003
