  1.0000000e+000  4.9990484e-002  4.9990484e-002
  2.0000000e+000  1.6246907e-001  1.1247859e-001
  3.0000000e+000  3.3118696e-001  1.6871788e-001
  4.0000000e+000  5.2099458e-001  1.8980762e-001
  5.0000000e+000  6.9182144e-001  1.7082686e-001
  6.0000000e+000  8.1994158e-001  1.2812014e-001
  7.0000000e+000  9.0230453e-001  8.2362950e-002
  8.0000000e+000  9.4863369e-001  4.6329159e-002
  9.0000000e+000  9.7179827e-001  2.3164580e-002
  1.0000000e+001  9.8222233e-001  1.0424061e-002
  1.1000000e+001  1.0000000e+000  4.2643885e-003
