  5.0000000e+000  8.2169885e-002  8.6482900e+005
  1.0000000e+001  7.4749665e-002  7.8673200e+005
  1.5000000e+001  7.7263800e-002  8.1319300e+005
  2.0000000e+001  9.0326835e-002  9.5068000e+005
  2.5000000e+001  9.2193838e-002  9.7033000e+005
  3.0000000e+001  9.1396490e-002  9.6193800e+005
  3.5000000e+001  8.0177845e-002  8.4386300e+005
  4.0000000e+001  7.5634330e-002  7.9604300e+005
  4.5000000e+001  7.0849672e-002  7.4568500e+005
  5.0000000e+001  6.5355742e-002  6.8786200e+005
  5.5000000e+001  5.6118306e-002  5.9063900e+005
  6.0000000e+001  3.9970204e-002  4.2068200e+005
  6.5000000e+001  3.0196800e-002  3.1781800e+005
  7.0000000e+001  2.5095559e-002  2.6412800e+005
  7.5000000e+001  1.9818354e-002  2.0858600e+005
  8.0000000e+001  1.5004622e-002  1.5792200e+005
  8.5000000e+001  8.9387157e-003  9.4079000e+004
  9.0000000e+001  3.6045032e-003  3.7937000e+004
  9.5000000e+001  1.1348337e-003  1.1944000e+004
