  5.0000000e+000  5.8907759e-002  1.2206100e+005
  1.0000000e+001  6.0041408e-002  1.2441000e+005
  1.5000000e+001  6.9244282e-002  1.4347900e+005
  2.0000000e+001  7.1963785e-002  1.4911400e+005
  2.5000000e+001  7.6628203e-002  1.5877900e+005
  3.0000000e+001  7.9106883e-002  1.6391500e+005
  3.5000000e+001  7.7567360e-002  1.6072500e+005
  4.0000000e+001  7.3246560e-002  1.5177200e+005
  4.5000000e+001  7.0599449e-002  1.4628700e+005
  5.0000000e+001  6.9236078e-002  1.4346200e+005
  5.5000000e+001  6.6934032e-002  1.3869200e+005
  6.0000000e+001  6.2142688e-002  1.2876400e+005
  6.5000000e+001  4.9169671e-002  1.0188300e+005
  7.0000000e+001  3.8257395e-002  7.9272000e+004
  7.5000000e+001  3.2555850e-002  6.7458000e+004
  8.0000000e+001  2.5077821e-002  5.1963000e+004
  8.5000000e+001  1.3222044e-002  2.7397000e+004
  9.0000000e+001  5.0712572e-003  1.0508000e+004
  9.5000000e+001  1.0274749e-003  2.1290000e+003
