  5.0000000e+000  0.0000000e+000  9.2235683e-003  8.0481036e-002  1.0235464e-001  1.0536458e-001  8.6700337e-002  9.9388379e-002
  1.0000000e+001  0.0000000e+000  1.9548458e-002  1.2426765e-001  2.0927439e-001  2.6136997e-001  2.3737374e-001  2.0795107e-001
  1.5000000e+001  0.0000000e+000  2.8221366e-002  1.6774591e-001  3.0321961e-001  4.1897437e-001  4.0319865e-001  3.3944954e-001
  2.0000000e+001  5.2145058e-003  4.1299559e-002  2.2617946e-001  3.9716482e-001  5.2829038e-001  5.3114478e-001  4.8776758e-001
  2.5000000e+001  6.3996208e-002  8.4939427e-002  2.9740981e-001  4.6359923e-001  5.8122380e-001  5.9427609e-001  5.9174312e-001
  3.0000000e+001  1.8227068e-001  1.7621145e-001  3.8852914e-001  5.1141278e-001  6.1014969e-001  6.2794613e-001  6.6819572e-001
  3.5000000e+001  3.0291538e-001  2.7973568e-001  4.8982424e-001  5.8962037e-001  6.7583257e-001  6.7676768e-001  6.9877676e-001
  4.0000000e+001  4.0246504e-001  3.5613987e-001  5.7092199e-001  6.9617972e-001  7.8210258e-001  7.6262626e-001  7.5993884e-001
  4.5000000e+001  4.8779332e-001  4.2648678e-001  6.4477336e-001  7.9961557e-001  8.8478333e-001  8.5185185e-001  8.1498471e-001
  5.0000000e+001  5.6458877e-001  4.9215308e-001  7.2386679e-001  8.8527150e-001  9.5171331e-001  9.3181818e-001  8.9143731e-001
  5.5000000e+001  6.5039109e-001  5.8259912e-001  8.1467777e-001  9.4449784e-001  9.8099454e-001  9.6632997e-001  9.4036697e-001
  6.0000000e+001  7.2363119e-001  6.8860132e-001  8.9361702e-001  9.7501201e-001  9.9131130e-001  9.7643098e-001  9.6330275e-001
  6.5000000e+001  7.7435411e-001  7.8827093e-001  9.3740364e-001  9.8750601e-001  9.9458109e-001  9.7979798e-001  9.7400612e-001
  7.0000000e+001  8.2839535e-001  8.6123348e-001  9.6130126e-001  9.9207112e-001  9.9630995e-001  9.8569024e-001  9.8776758e-001
  7.5000000e+001  8.8599194e-001  9.2125551e-001  9.7856923e-001  9.9459395e-001  9.9756218e-001  9.8821549e-001  9.9235474e-001
  8.0000000e+001  9.5259540e-001  9.6764868e-001  9.8905335e-001  9.9723691e-001  9.9868286e-001  9.9242424e-001  9.9694190e-001
  8.5000000e+001  9.9217824e-001  9.8981278e-001  9.9568301e-001  9.9819798e-001  9.9945845e-001  9.9579125e-001  9.9694190e-001
  9.0000000e+001  9.9857786e-001  9.9862335e-001  9.9892075e-001  9.9963960e-001  9.9985821e-001  1.0000000e+000  1.0000000e+000
  9.5000000e+001  1.0000000e+000  1.0000000e+000  1.0000000e+000  1.0000000e+000  1.0000000e+000  1.0000000e+000  1.0000000e+000
