  5.0000000e+000  6.1206763e-002  1.9730000e+003
  1.0000000e+001  6.3936715e-002  2.0610000e+003
  1.5000000e+001  6.2230495e-002  2.0060000e+003
  2.0000000e+001  6.1982317e-002  1.9980000e+003
  2.5000000e+001  6.0772452e-002  1.9590000e+003
  3.0000000e+001  7.3553591e-002  2.3710000e+003
  3.5000000e+001  8.8878548e-002  2.8650000e+003
  4.0000000e+001  9.0491702e-002  2.9170000e+003
  4.5000000e+001  8.6148596e-002  2.7770000e+003
  5.0000000e+001  7.6872964e-002  2.4780000e+003
  5.5000000e+001  7.2529859e-002  2.3380000e+003
  6.0000000e+001  6.0276097e-002  1.9430000e+003
  6.5000000e+001  4.2190166e-002  1.3600000e+003
  7.0000000e+001  3.0587870e-002  9.8600000e+002
  7.5000000e+001  2.5841477e-002  8.3300000e+002
  8.0000000e+001  2.2429037e-002  7.2300000e+002
  8.5000000e+001  1.2005584e-002  3.8700000e+002
  9.0000000e+001  6.4526136e-003  2.0800000e+002
  9.5000000e+001  1.6131534e-003  5.2000000e+001
