  5.0000000e+000  0.0000000e+000  7.1667425e-003  7.3711573e-002  9.2756388e-002  9.4809004e-002  1.0466671e-001  1.0678277e-001
  1.0000000e+001  0.0000000e+000  1.4537576e-002  1.1912230e-001  1.9771072e-001  2.2742816e-001  2.5466380e-001  2.6970669e-001
  1.5000000e+001  0.0000000e+000  2.3976796e-002  1.7784748e-001  3.1533703e-001  3.8207218e-001  4.3302144e-001  4.7170027e-001
  2.0000000e+001  9.7326236e-003  3.7902099e-002  2.4844095e-001  4.1984044e-001  5.0579388e-001  5.6511885e-001  6.2007333e-001
  2.5000000e+001  7.8557282e-002  7.3433600e-002  3.1832660e-001  4.7982426e-001  5.6674716e-001  6.2242111e-001  6.7862053e-001
  3.0000000e+001  1.6293248e-001  1.2492347e-001  3.8779732e-001  5.2070760e-001  5.9753983e-001  6.5188586e-001  7.0176444e-001
  3.5000000e+001  2.5507520e-001  1.8148029e-001  4.8611806e-001  6.0203492e-001  6.5820138e-001  7.0151682e-001  7.4324015e-001
  4.0000000e+001  3.3595346e-001  2.2882946e-001  5.8555546e-001  7.2456353e-001  7.6343128e-001  7.9816354e-001  8.1633822e-001
  4.5000000e+001  3.9880547e-001  2.7387868e-001  6.7893972e-001  8.3852468e-001  8.6425295e-001  8.8376823e-001  8.9012374e-001
  5.0000000e+001  4.5399053e-001  3.3585962e-001  7.7496003e-001  9.1769569e-001  9.2925790e-001  9.3299239e-001  9.3343263e-001
  5.5000000e+001  5.0806152e-001  4.2579713e-001  8.5595734e-001  9.6063707e-001  9.6350258e-001  9.6164352e-001  9.5703483e-001
  6.0000000e+001  5.6830631e-001  5.4188973e-001  9.0715271e-001  9.7868540e-001  9.7627344e-001  9.7210438e-001  9.6746104e-001
  6.5000000e+001  6.4893699e-001  6.9992307e-001  9.4990908e-001  9.8839750e-001  9.8426333e-001  9.8105422e-001  9.7571036e-001
  7.0000000e+001  7.2535124e-001  8.1707930e-001  9.7158931e-001  9.9281420e-001  9.8870395e-001  9.8709827e-001  9.8395967e-001
  7.5000000e+001  8.1529678e-001  9.0851610e-001  9.8469020e-001  9.9531738e-001  9.9282045e-001  9.9180566e-001  9.9255270e-001
  8.0000000e+001  9.1611995e-001  9.6584612e-001  9.9151219e-001  9.9732339e-001  9.9632109e-001  9.9697797e-001  1.0000000e+000
  8.5000000e+001  9.8138578e-001  9.8835110e-001  9.9520387e-001  9.9852006e-001  9.9824968e-001  1.0000000e+000  1.0000000e+000
  9.0000000e+001  9.9748561e-001  9.9762940e-001  9.9841349e-001  9.9964158e-001  1.0000000e+000  1.0000000e+000  1.0000000e+000
  9.5000000e+001  1.0000000e+000  1.0000000e+000  1.0000000e+000  1.0000000e+000  1.0000000e+000  1.0000000e+000  1.0000000e+000
