  5.0000000e+000  4.7329756e-002  3.8533000e+006
  1.0000000e+001  4.8715269e-002  3.9661000e+006
  1.5000000e+001  5.7422627e-002  4.6750000e+006
  2.0000000e+001  5.6077648e-002  4.5655000e+006
  2.5000000e+001  5.5317335e-002  4.5036000e+006
  3.0000000e+001  5.5386120e-002  4.5092000e+006
  3.5000000e+001  7.5490795e-002  6.1460000e+006
  4.0000000e+001  8.4508911e-002  6.8802000e+006
  4.5000000e+001  7.7329547e-002  6.2957000e+006
  5.0000000e+001  7.0738535e-002  5.7591000e+006
  5.5000000e+001  6.5614103e-002  5.3419000e+006
  6.0000000e+001  6.1338420e-002  4.9938000e+006
  6.5000000e+001  7.3810492e-002  6.0092000e+006
  7.0000000e+001  5.4651601e-002  4.4494000e+006
  7.5000000e+001  4.6568215e-002  3.7913000e+006
  8.0000000e+001  3.6202663e-002  2.9474000e+006
  8.5000000e+001  1.8650378e-002  1.5184000e+006
  9.0000000e+001  1.1090244e-002  9.0290000e+005
  9.5000000e+001  3.7573436e-003  3.0590000e+005
