  5.0000000e+000  1.9338070e-001  2.4069140e+006
  1.0000000e+001  1.5892902e-001  1.9781110e+006
  1.5000000e+001  1.2691184e-001  1.5796090e+006
  2.0000000e+001  1.0330345e-001  1.2857670e+006
  2.5000000e+001  8.5727914e-002  1.0670130e+006
  3.0000000e+001  7.2031862e-002  8.9654500e+005
  3.5000000e+001  5.4242130e-002  6.7512500e+005
  4.0000000e+001  4.3580584e-002  5.4242600e+005
  4.5000000e+001  3.5914336e-002  4.4700800e+005
  5.0000000e+001  3.1981988e-002  3.9806400e+005
  5.5000000e+001  2.5975081e-002  3.2329900e+005
  6.0000000e+001  2.1088569e-002  2.6247900e+005
  6.5000000e+001  1.7448752e-002  2.1717600e+005
  7.0000000e+001  1.2978341e-002  1.6153500e+005
  7.5000000e+001  8.5843368e-003  1.0684500e+005
  8.0000000e+001  5.0091970e-003  6.2347000e+004
  8.5000000e+001  2.1700066e-003  2.7009000e+004
  9.0000000e+001  6.2499468e-004  7.7790000e+003
  9.5000000e+001  1.1690028e-004  1.4550000e+003
