  5.0000000e+000  1.2180901e-001  1.8428503e+007
  1.0000000e+001  1.2304271e-001  1.8615150e+007
  1.5000000e+001  1.1388503e-001  1.7229683e+007
  2.0000000e+001  1.0136634e-001  1.5335728e+007
  2.5000000e+001  8.7173204e-002  1.3188447e+007
  3.0000000e+001  8.0759112e-002  1.2218058e+007
  3.5000000e+001  7.6723350e-002  1.1607487e+007
  4.0000000e+001  6.1797745e-002  9.3493900e+006
  4.5000000e+001  5.2114107e-002  7.8843510e+006
  5.0000000e+001  4.9999482e-002  7.5644290e+006
  5.5000000e+001  3.5321282e-002  5.3437620e+006
  6.0000000e+001  2.9544620e-002  4.4698100e+006
  6.5000000e+001  2.3010124e-002  3.4812050e+006
  7.0000000e+001  1.7560588e-002  2.6567440e+006
  7.5000000e+001  1.2544419e-002  1.8978470e+006
  8.0000000e+001  7.8352690e-003  1.1853990e+006
  8.5000000e+001  3.9037307e-003  5.9059600e+005
  9.0000000e+001  1.3245410e-003  2.0039000e+005
  9.5000000e+001  2.8533914e-004  4.3169000e+004
