  5.0000000e+000  4.4724075e-002  2.1751050e+006
  1.0000000e+001  5.1511073e-002  2.5051830e+006
  1.5000000e+001  6.6096833e-002  3.2145450e+006
  2.0000000e+001  7.0653493e-002  3.4361530e+006
  2.5000000e+001  6.3783878e-002  3.1020570e+006
  3.0000000e+001  7.7864557e-002  3.7868550e+006
  3.5000000e+001  7.7257840e-002  3.7573480e+006
  4.0000000e+001  8.4153652e-002  4.0927180e+006
  4.5000000e+001  8.5451019e-002  4.1558140e+006
  5.0000000e+001  8.5931219e-002  4.1791680e+006
  5.5000000e+001  7.9293932e-002  3.8563710e+006
  6.0000000e+001  5.7348795e-002  2.7890940e+006
  6.5000000e+001  4.5110802e-002  2.1939130e+006
  7.0000000e+001  3.7171582e-002  1.8077980e+006
  7.5000000e+001  3.1806371e-002  1.5468670e+006
  8.0000000e+001  2.2161529e-002  1.0778010e+006
  8.5000000e+001  1.2024479e-002  5.8479700e+005
  9.0000000e+001  5.6084367e-003  2.7276000e+005
  9.5000000e+001  2.0464338e-003  9.9526000e+004
