  5.0000000e+000  1.6752072e-001  3.4598940e+006
  1.0000000e+001  1.4282566e-001  2.9498540e+006
  1.5000000e+001  1.2461589e-001  2.5737580e+006
  2.0000000e+001  1.0894153e-001  2.2500270e+006
  2.5000000e+001  9.0790392e-002  1.8751420e+006
  3.0000000e+001  7.4970239e-002  1.5484000e+006
  3.5000000e+001  6.2142988e-002  1.2834720e+006
  4.0000000e+001  5.1022951e-002  1.0538040e+006
  4.5000000e+001  4.4457536e-002  9.1820500e+005
  5.0000000e+001  3.5660976e-002  7.3652500e+005
  5.5000000e+001  2.8301459e-002  5.8452500e+005
  6.0000000e+001  2.1764416e-002  4.4951200e+005
  6.5000000e+001  1.6518727e-002  3.4117000e+005
  7.0000000e+001  1.1575649e-002  2.3907800e+005
  7.5000000e+001  8.5145740e-003  1.7585600e+005
  8.0000000e+001  5.9153087e-003  1.2217200e+005
  8.5000000e+001  3.0774402e-003  6.3560000e+004
  9.0000000e+001  1.1139501e-003  2.3007000e+004
  9.5000000e+001  2.6959073e-004  5.5680000e+003
