  5.0000000e+000  1.0750219e-001  5.9218700e+005
  1.0000000e+001  9.2992163e-002  5.1225700e+005
  1.5000000e+001  9.3970814e-002  5.1764800e+005
  2.0000000e+001  1.0514188e-001  5.7918500e+005
  2.5000000e+001  1.0694833e-001  5.8913600e+005
  3.0000000e+001  9.1209315e-002  5.0243600e+005
  3.5000000e+001  7.3328560e-002  4.0393800e+005
  4.0000000e+001  6.0711389e-002  3.3443500e+005
  4.5000000e+001  5.2153685e-002  2.8729400e+005
  5.0000000e+001  5.6321347e-002  3.1025200e+005
  5.5000000e+001  4.7843156e-002  2.6354900e+005
  6.0000000e+001  3.5678005e-002  1.9653600e+005
  6.5000000e+001  2.0962298e-002  1.1547300e+005
  7.0000000e+001  1.4024061e-002  7.7253000e+004
  7.5000000e+001  1.8108218e-002  9.9751000e+004
  8.0000000e+001  1.1561368e-002  6.3687000e+004
  8.5000000e+001  7.8522617e-003  4.3255000e+004
  9.0000000e+001  2.6934229e-003  1.4837000e+004
  9.5000000e+001  9.9753041e-004  5.4950000e+003
