  5.0000000e+000  1.5972733e-001  7.0183430e+006
  1.0000000e+001  1.3947433e-001  6.1284360e+006
  1.5000000e+001  1.2530056e-001  5.5056470e+006
  2.0000000e+001  1.1218499e-001  4.9293550e+006
  2.5000000e+001  9.3903792e-002  4.1260880e+006
  3.0000000e+001  7.8097066e-002  3.4315480e+006
  3.5000000e+001  6.3608152e-002  2.7949120e+006
  4.0000000e+001  5.5004395e-002  2.4168670e+006
  4.5000000e+001  4.6320073e-002  2.0352820e+006
  5.0000000e+001  3.4337217e-002  1.5087610e+006
  5.5000000e+001  2.5990563e-002  1.1420130e+006
  6.0000000e+001  2.2046961e-002  9.6873300e+005
  6.5000000e+001  1.7672494e-002  7.7652100e+005
  7.0000000e+001  1.2571119e-002  5.5236900e+005
  7.5000000e+001  8.0528180e-003  3.5383700e+005
  8.0000000e+001  3.8926684e-003  1.7104200e+005
  8.5000000e+001  1.3734331e-003  6.0348000e+004
  9.0000000e+001  3.7938508e-004  1.6670000e+004
  9.5000000e+001  6.2654296e-005  2.7530000e+003
