  5.0000000e+000  0.0000000e+000  2.5584313e-003  8.1269222e-002  7.8780236e-002  7.5238732e-002  8.6147371e-002  9.9396833e-002
  1.0000000e+001  0.0000000e+000  7.6752938e-003  1.1856699e-001  1.7810940e-001  1.9332005e-001  2.2751784e-001  2.3443914e-001
  1.5000000e+001  0.0000000e+000  1.2940710e-002  1.5231009e-001  2.7442642e-001  3.2420473e-001  3.7707559e-001  3.7714669e-001
  2.0000000e+001  4.1290627e-003  2.3281725e-002  1.9984492e-001  3.7267835e-001  4.5185816e-001  5.1211653e-001  5.1742481e-001
  2.5000000e+001  3.8754203e-002  6.7988248e-002  2.8628930e-001  4.5493021e-001  5.3920838e-001  5.9546904e-001  6.2310463e-001
  3.0000000e+001  1.1425706e-001  1.4210022e-001  4.0214673e-001  5.2350491e-001  5.8621738e-001  6.3726038e-001  6.7173494e-001
  3.5000000e+001  1.9229635e-001  1.9196488e-001  4.9558717e-001  6.0921817e-001  6.4644790e-001  6.8768290e-001  7.1052191e-001
  4.0000000e+001  2.5729959e-001  2.2521623e-001  5.6336961e-001  7.0312037e-001  7.3828386e-001  7.7493177e-001  7.7934154e-001
  4.5000000e+001  3.1206866e-001  2.5558728e-001  6.2147257e-001  7.9895749e-001  8.4036099e-001  8.7069674e-001  8.6047583e-001
  5.0000000e+001  3.6064413e-001  2.9420309e-001  6.9085808e-001  8.8078050e-001  9.1627638e-001  9.3280834e-001  9.1853062e-001
  5.5000000e+001  4.1523624e-001  3.7417470e-001  7.8297424e-001  9.4084462e-001  9.6069278e-001  9.6486700e-001  9.5111837e-001
  6.0000000e+001  4.7658232e-001  4.9007989e-001  8.6020091e-001  9.7105792e-001  9.7890183e-001  9.7785486e-001  9.6552735e-001
  6.5000000e+001  5.5450363e-001  6.3588571e-001  9.1375600e-001  9.8386718e-001  9.8647436e-001  9.8490777e-001  9.7440731e-001
  7.0000000e+001  6.5410252e-001  7.6676185e-001  9.4693280e-001  9.9033052e-001  9.9046591e-001  9.8905073e-001  9.8165368e-001
  7.5000000e+001  7.7593936e-001  8.7159151e-001  9.6818233e-001  9.9377151e-001  9.9362113e-001  9.9250321e-001  9.8718271e-001
  8.0000000e+001  8.9647850e-001  9.4317807e-001  9.8258392e-001  9.9630375e-001  9.9619853e-001  9.9551179e-001  9.9241853e-001
  8.5000000e+001  9.8301186e-001  9.7899610e-001  9.9154026e-001  9.9795787e-001  9.9818290e-001  9.9748463e-001  9.9606266e-001
  9.0000000e+001  9.9725712e-001  9.9536181e-001  9.9769993e-001  9.9954052e-001  9.9944499e-001  9.9949035e-001  9.9895284e-001
  9.5000000e+001  1.0000000e+000  1.0000000e+000  1.0000000e+000  1.0000000e+000  1.0000000e+000  1.0000000e+000  1.0000000e+000
