  5.0000000e+000  6.2288151e-002  4.2578000e+004
  1.0000000e+001  7.5648987e-002  5.1711000e+004
  1.5000000e+001  7.7675130e-002  5.3096000e+004
  2.0000000e+001  7.9651533e-002  5.4447000e+004
  2.5000000e+001  7.5641673e-002  5.1706000e+004
  3.0000000e+001  7.0448311e-002  4.8156000e+004
  3.5000000e+001  7.0391258e-002  4.8117000e+004
  4.0000000e+001  7.5245222e-002  5.1435000e+004
  4.5000000e+001  7.6314615e-002  5.2166000e+004
  5.0000000e+001  6.6513060e-002  4.5466000e+004
  5.5000000e+001  6.2099435e-002  4.2449000e+004
  6.0000000e+001  5.0375604e-002  3.4435000e+004
  6.5000000e+001  4.4768237e-002  3.0602000e+004
  7.0000000e+001  3.6951863e-002  2.5259000e+004
  7.5000000e+001  3.0286805e-002  2.0703000e+004
  8.0000000e+001  2.2758626e-002  1.5557000e+004
  8.5000000e+001  1.3303782e-002  9.0940000e+003
  9.0000000e+001  7.4023685e-003  5.0600000e+003
  9.5000000e+001  2.2353397e-003  1.5280000e+003
