  5.0000000e+000  0.0000000e+000  2.4423736e-003  4.5837454e-002  4.6700260e-002  6.8123371e-002  8.5984620e-002  1.2390533e-001
  1.0000000e+001  0.0000000e+000  7.6642492e-003  8.9090727e-002  1.2172861e-001  1.4447380e-001  1.7773136e-001  2.3477483e-001
  1.5000000e+001  0.0000000e+000  1.7378960e-002  1.3884466e-001  2.3706019e-001  2.4006897e-001  2.7004301e-001  3.3400745e-001
  2.0000000e+001  3.4017974e-002  3.6276202e-002  1.9996497e-001  3.4395025e-001  3.2495366e-001  3.4022928e-001  4.2557739e-001
  2.5000000e+001  1.1598669e-001  7.2210460e-002  2.8229683e-001  4.2667983e-001  4.0764211e-001  4.1597815e-001  5.2750772e-001
  3.0000000e+001  1.5545432e-001  1.1237748e-001  3.8240948e-001  4.9782944e-001  4.9389679e-001  5.0422243e-001  6.2327451e-001
  3.5000000e+001  1.8603769e-001  1.4149994e-001  4.6932080e-001  5.8513705e-001  5.7377344e-001  5.9038013e-001  6.9527029e-001
  4.0000000e+001  2.1494185e-001  1.6849248e-001  5.4264083e-001  6.8850112e-001  6.4793117e-001  6.5664086e-001  7.4609259e-001
  4.5000000e+001  2.5103551e-001  2.0802799e-001  6.2509914e-001  7.8883541e-001  7.1693610e-001  7.0917299e-001  7.9225049e-001
  5.0000000e+001  2.9990827e-001  2.7436760e-001  7.1761851e-001  8.6416788e-001  7.7779282e-001  7.5850555e-001  8.3908745e-001
  5.5000000e+001  3.6905125e-001  3.8070928e-001  8.0973099e-001  9.1573027e-001  8.3694175e-001  8.1627575e-001  8.8795048e-001
  6.0000000e+001  4.4278718e-001  4.9819606e-001  8.7097988e-001  9.4221600e-001  8.8002142e-001  8.6844009e-001  9.2273125e-001
  6.5000000e+001  5.3268860e-001  6.2809278e-001  9.1233787e-001  9.5820382e-001  9.1427378e-001  9.1235429e-001  9.4575640e-001
  7.0000000e+001  6.5629392e-001  7.7167509e-001  9.4391736e-001  9.7137017e-001  9.4636167e-001  9.5005445e-001  9.6289260e-001
  7.5000000e+001  7.9803626e-001  8.8850989e-001  9.6608978e-001  9.8262790e-001  9.7137241e-001  9.7505727e-001  9.7698599e-001
  8.0000000e+001  9.3270415e-001  9.6348660e-001  9.8324145e-001  9.9231021e-001  9.8918006e-001  9.9001426e-001  9.8942810e-001
  8.5000000e+001  9.9227719e-001  9.8776044e-001  9.9170935e-001  9.9680768e-001  9.9590412e-001  9.9583647e-001  9.9535044e-001
  9.0000000e+001  9.9927545e-001  9.9772378e-001  9.9791054e-001  9.9934314e-001  9.9919613e-001  9.9908412e-001  9.9893502e-001
  9.5000000e+001  1.0000000e+000  1.0000000e+000  1.0000000e+000  1.0000000e+000  1.0000000e+000  1.0000000e+000  1.0000000e+000
