  5.0000000e+000  4.0234973e-002  3.1569800e+005
  1.0000000e+001  4.8523532e-002  3.8073300e+005
  1.5000000e+001  6.3608237e-002  4.9909300e+005
  2.0000000e+001  6.6069761e-002  5.1840700e+005
  2.5000000e+001  7.2747382e-002  5.7080200e+005
  3.0000000e+001  7.2183426e-002  5.6637700e+005
  3.5000000e+001  6.8639616e-002  5.3857100e+005
  4.0000000e+001  6.6668893e-002  5.2310800e+005
  4.5000000e+001  6.9858653e-002  5.4813600e+005
  5.0000000e+001  7.1290782e-002  5.5937300e+005
  5.5000000e+001  7.5299521e-002  5.9082700e+005
  6.0000000e+001  6.1375736e-002  4.8157600e+005
  6.5000000e+001  5.5933084e-002  4.3887100e+005
  7.0000000e+001  5.7717224e-002  4.5287000e+005
  7.5000000e+001  4.9221180e-002  3.8620700e+005
  8.0000000e+001  3.6779994e-002  2.8858900e+005
  8.5000000e+001  1.4504309e-002  1.1380600e+005
  9.0000000e+001  7.4370810e-003  5.8354000e+004
  9.5000000e+001  1.9066171e-003  1.4960000e+004
