  5.0000000e+000  1.5218414e-001  1.7568460e+006
  1.0000000e+001  1.4188903e-001  1.6379970e+006
  1.5000000e+001  1.3516644e-001  1.5603900e+006
  2.0000000e+001  1.1978193e-001  1.3827880e+006
  2.5000000e+001  1.0619443e-001  1.2259310e+006
  3.0000000e+001  7.6417082e-002  8.8217500e+005
  3.5000000e+001  6.0721511e-002  7.0098200e+005
  4.0000000e+001  4.1671532e-002  4.8106500e+005
  4.5000000e+001  3.5056789e-002  4.0470300e+005
  5.0000000e+001  3.1138721e-002  3.5947200e+005
  5.5000000e+001  2.6605800e-002  3.0714300e+005
  6.0000000e+001  1.9952336e-002  2.3033400e+005
  6.5000000e+001  1.6311464e-002  1.8830300e+005
  7.0000000e+001  1.3606386e-002  1.5707500e+005
  7.5000000e+001  1.0184844e-002  1.1757600e+005
  8.0000000e+001  6.7554199e-003  7.7986000e+004
  8.5000000e+001  3.9840744e-003  4.5993000e+004
  9.0000000e+001  1.7855701e-003  2.0613000e+004
  9.5000000e+001  5.9250471e-004  6.8400000e+003
