  5.0000000e+000  1.7170261e-001  6.8178980e+006
  1.0000000e+001  1.4389262e-001  5.7136300e+006
  1.5000000e+001  1.1089261e-001  4.4032790e+006
  2.0000000e+001  1.0330386e-001  4.1019480e+006
  2.5000000e+001  9.9771663e-002  3.9616930e+006
  3.0000000e+001  9.1219849e-002  3.6221210e+006
  3.5000000e+001  7.1146234e-002  2.8250460e+006
  4.0000000e+001  5.0292316e-002  1.9969870e+006
  4.5000000e+001  3.9889873e-002  1.5839310e+006
  5.0000000e+001  3.2245945e-002  1.2804090e+006
  5.5000000e+001  2.5266752e-002  1.0032820e+006
  6.0000000e+001  1.9699656e-002  7.8222600e+005
  6.5000000e+001  1.4264223e-002  5.6639800e+005
  7.0000000e+001  1.0520304e-002  4.1773600e+005
  7.5000000e+001  7.5096713e-003  2.9819100e+005
  8.0000000e+001  4.7559161e-003  1.8884600e+005
  8.5000000e+001  2.4615693e-003  9.7743000e+004
  9.0000000e+001  9.2433194e-004  3.6703000e+004
  9.5000000e+001  2.4000445e-004  9.5300000e+003
