  5.0000000e+000  1.5798577e-001  1.0406810e+006
  1.0000000e+001  1.3492796e-001  8.8879500e+005
  1.5000000e+001  1.1694029e-001  7.7030700e+005
  2.0000000e+001  1.0851059e-001  7.1477900e+005
  2.5000000e+001  9.8417806e-002  6.4829600e+005
  3.0000000e+001  8.2663118e-002  5.4451700e+005
  3.5000000e+001  6.6821897e-002  4.4016800e+005
  4.0000000e+001  5.3745289e-002  3.5403000e+005
  4.5000000e+001  4.3633681e-002  2.8742300e+005
  5.0000000e+001  3.5597923e-002  2.3449000e+005
  5.5000000e+001  2.8881698e-002  1.9024900e+005
  6.0000000e+001  2.3012572e-002  1.5158800e+005
  6.5000000e+001  1.7786058e-002  1.1716000e+005
  7.0000000e+001  1.3146441e-002  8.6598000e+004
  7.5000000e+001  8.9812305e-003  5.9161000e+004
  8.0000000e+001  5.3317185e-003  3.5121000e+004
  8.5000000e+001  2.5400847e-003  1.6732000e+004
  9.0000000e+001  8.7169293e-004  5.7420000e+003
  9.5000000e+001  2.0418443e-004  1.3450000e+003
