  5.0000000e+000  5.0932701e-002  4.6208800e+005
  1.0000000e+001  5.2291640e-002  4.7441700e+005
  1.5000000e+001  5.2225616e-002  4.7381800e+005
  2.0000000e+001  6.7501855e-002  6.1241200e+005
  2.5000000e+001  6.8146660e-002  6.1826200e+005
  3.0000000e+001  5.9763323e-002  5.4220400e+005
  3.5000000e+001  5.9710967e-002  5.4172900e+005
  4.0000000e+001  6.5822719e-002  5.9717800e+005
  4.5000000e+001  6.8778898e-002  6.2399800e+005
  5.0000000e+001  7.0168148e-002  6.3660200e+005
  5.5000000e+001  6.3184643e-002  5.7324400e+005
  6.0000000e+001  6.2407241e-002  5.6619100e+005
  6.5000000e+001  6.6487914e-002  6.0321300e+005
  7.0000000e+001  6.2331517e-002  5.6550400e+005
  7.5000000e+001  4.3535970e-002  3.9498100e+005
  8.0000000e+001  3.3317862e-002  3.0227700e+005
  8.5000000e+001  2.6782743e-002  2.4298700e+005
  9.0000000e+001  1.7749201e-002  1.6103000e+005
  9.5000000e+001  8.8603818e-003  8.0386000e+004
