  1.0000000e+000  5.5000000e-002  5.5000000e-002
  2.0000000e+000  1.7300000e-001  1.1800000e-001
  3.0000000e+000  3.1600000e-001  1.4300000e-001
  4.0000000e+000  5.2300000e-001  2.0700000e-001
  5.0000000e+000  7.2200000e-001  1.9900000e-001
  6.0000000e+000  8.4700000e-001  1.2500000e-001
  7.0000000e+000  9.1600000e-001  6.9000000e-002
  8.0000000e+000  9.4900000e-001  3.3000000e-002
  9.0000000e+000  9.7216458e-001  2.3164580e-002
  1.0000000e+001  9.8258864e-001  1.0424061e-002
  1.1000000e+001  1.0000000e+000  1.7400000e-002
