  5.0000000e+000  1.1916302e-001  9.5892520e+006
  1.0000000e+001  1.0970734e-001  8.8283370e+006
  1.5000000e+001  9.9020712e-002  7.9683660e+006
  2.0000000e+001  9.5440957e-002  7.6802970e+006
  2.5000000e+001  9.4943391e-002  7.6402570e+006
  3.0000000e+001  9.5358369e-002  7.6736510e+006
  3.5000000e+001  7.8693891e-002  6.3326320e+006
  4.0000000e+001  5.7963799e-002  4.6644460e+006
  4.5000000e+001  5.1554118e-002  4.1486480e+006
  5.0000000e+001  4.7657407e-002  3.8350730e+006
  5.5000000e+001  4.4253179e-002  3.5611290e+006
  6.0000000e+001  3.4811501e-002  2.8013410e+006
  6.5000000e+001  2.7629200e-002  2.2233690e+006
  7.0000000e+001  1.8402741e-002  1.4809000e+006
  7.5000000e+001  1.2035869e-002  9.6854700e+005
  8.0000000e+001  8.4817012e-003  6.8253700e+005
  8.5000000e+001  3.4265831e-003  2.7574300e+005
  9.0000000e+001  1.1787621e-003  9.4857000e+004
  9.5000000e+001  2.7746397e-004  2.2328000e+004
