  5.0000000e+000  4.4112549e-002  5.6286450e+006
  1.0000000e+001  4.5134051e-002  5.7589860e+006
  1.5000000e+001  4.8267901e-002  6.1588570e+006
  2.0000000e+001  4.8071957e-002  6.1338550e+006
  2.5000000e+001  5.1337902e-002  6.5505810e+006
  3.0000000e+001  5.8814271e-002  7.5045460e+006
  3.5000000e+001  6.5103609e-002  8.3070490e+006
  4.0000000e+001  7.4865002e-002  9.5525770e+006
  4.5000000e+001  6.6784835e-002  8.5215690e+006
  5.0000000e+001  6.1988106e-002  7.9095190e+006
  5.5000000e+001  6.0277170e-002  7.6912080e+006
  6.0000000e+001  6.9293085e-002  8.8416150e+006
  6.5000000e+001  7.7721887e-002  9.9171080e+006
  7.0000000e+001  6.4824160e-002  8.2713920e+006
  7.5000000e+001  5.3990903e-002  6.8890970e+006
  8.0000000e+001  4.5893910e-002  5.8559420e+006
  8.5000000e+001  3.3462251e-002  4.2696950e+006
  9.0000000e+001  1.8835420e-002  2.4033500e+006
  9.5000000e+001  1.1221031e-002  1.4317740e+006
