  5.0000000e+000  0.0000000e+000  1.0379299e-002  7.0376965e-002  8.1567806e-002  8.2814896e-002  9.1663274e-002  1.0867728e-001
  1.0000000e+001  0.0000000e+000  2.0822566e-002  1.1529653e-001  1.8065723e-001  1.9989178e-001  2.1587851e-001  2.3827645e-001
  1.5000000e+001  0.0000000e+000  3.2565727e-002  1.6391704e-001  2.8556670e-001  3.3028364e-001  3.5419922e-001  3.8140129e-001
  2.0000000e+001  1.2737391e-002  5.1375978e-002  2.2652520e-001  3.8251775e-001  4.4258480e-001  4.7065297e-001  5.0738642e-001
  2.5000000e+001  6.9647379e-002  9.8017489e-002  3.0619669e-001  4.5436574e-001  5.1690205e-001  5.4608875e-001  5.9367400e-001
  3.0000000e+001  1.4602649e-001  1.6934018e-001  4.0233819e-001  5.1515099e-001  5.6903707e-001  5.9926999e-001  6.5297506e-001
  3.5000000e+001  2.1742914e-001  2.2722242e-001  4.9724438e-001  6.0070128e-001  6.3454129e-001  6.5846338e-001  7.0720662e-001
  4.0000000e+001  2.7966125e-001  2.7041113e-001  5.7468528e-001  7.0551839e-001  7.2643208e-001  7.3723216e-001  7.7080501e-001
  4.5000000e+001  3.3742736e-001  3.1463647e-001  6.4968218e-001  8.0615777e-001  8.1819936e-001  8.1492816e-001  8.3346735e-001
  5.0000000e+001  3.9854439e-001  3.7500381e-001  7.3523247e-001  8.8519967e-001  8.8529624e-001  8.7192113e-001  8.8303834e-001
  5.5000000e+001  4.6734180e-001  4.6486937e-001  8.2145078e-001  9.3572788e-001  9.2629754e-001  9.0886952e-001  9.1731818e-001
  6.0000000e+001  5.3742748e-001  5.6972477e-001  8.8269553e-001  9.6100534e-001  9.4830921e-001  9.3193107e-001  9.3916750e-001
  6.5000000e+001  6.1671864e-001  6.8604352e-001  9.2575022e-001  9.7542365e-001  9.6338535e-001  9.5086673e-001  9.5599540e-001
  7.0000000e+001  7.0862693e-001  7.9834594e-001  9.5518397e-001  9.8433376e-001  9.7514659e-001  9.6733922e-001  9.7035520e-001
  7.5000000e+001  8.1553918e-001  8.9407282e-001  9.7533660e-001  9.9055975e-001  9.8487034e-001  9.8079190e-001  9.8207843e-001
  8.0000000e+001  9.1981797e-001  9.5763979e-001  9.8779632e-001  9.9501483e-001  9.9232138e-001  9.9046485e-001  9.9096443e-001
  8.5000000e+001  9.8385058e-001  9.8482747e-001  9.9415273e-001  9.9754290e-001  9.9646930e-001  9.9573193e-001  9.9575091e-001
  9.0000000e+001  9.9743665e-001  9.9674132e-001  9.9825968e-001  9.9931039e-001  9.9904545e-001  9.9891944e-001  9.9884899e-001
  9.5000000e+001  1.0000000e+000  1.0000000e+000  1.0000000e+000  1.0000000e+000  1.0000000e+000  1.0000000e+000  1.0000000e+000
