  5.0000000e+000  5.1431787e-002  1.7070510e+006
  1.0000000e+001  5.2406311e-002  1.7393960e+006
  1.5000000e+001  5.9604858e-002  1.9783200e+006
  2.0000000e+001  6.7594926e-002  2.2435150e+006
  2.5000000e+001  6.7230274e-002  2.2314120e+006
  3.0000000e+001  6.7334852e-002  2.2348830e+006
  3.5000000e+001  6.5412168e-002  2.1710680e+006
  4.0000000e+001  6.7076104e-002  2.2262950e+006
  4.5000000e+001  7.4964607e-002  2.4881190e+006
  5.0000000e+001  8.2094039e-002  2.7247490e+006
  5.5000000e+001  7.5744647e-002  2.5140090e+006
  6.0000000e+001  6.5740304e-002  2.1819590e+006
  6.5000000e+001  5.5195897e-002  1.8319840e+006
  7.0000000e+001  4.1346668e-002  1.3723200e+006
  7.5000000e+001  3.4289425e-002  1.1380860e+006
  8.0000000e+001  3.0045329e-002  9.9722200e+005
  8.5000000e+001  2.1854964e-002  7.2537900e+005
  9.0000000e+001  1.2804927e-002  4.2500300e+005
  9.5000000e+001  7.8279131e-003  2.5981300e+005
