  5.0000000e+000  1.6761156e-001  2.0126820e+006
  1.0000000e+001  1.4384160e-001  1.7272520e+006
  1.5000000e+001  1.2633388e-001  1.5170190e+006
  2.0000000e+001  1.1166343e-001  1.3408560e+006
  2.5000000e+001  9.5844658e-002  1.1509040e+006
  3.0000000e+001  7.8462683e-002  9.4218100e+005
  3.5000000e+001  6.1055059e-002  7.3315000e+005
  4.0000000e+001  4.9669079e-002  5.9642700e+005
  4.5000000e+001  4.1733462e-002  5.0113600e+005
  5.0000000e+001  3.3714651e-002  4.0484600e+005
  5.5000000e+001  2.6150453e-002  3.1401500e+005
  6.0000000e+001  2.0104074e-002  2.4141000e+005
  6.5000000e+001  1.5353330e-002  1.8436300e+005
  7.0000000e+001  1.1495739e-002  1.3804100e+005
  7.5000000e+001  8.2068525e-003  9.8548000e+004
  8.0000000e+001  5.1638014e-003  6.2007000e+004
  8.5000000e+001  2.5423022e-003  3.0528000e+004
  9.0000000e+001  8.5834344e-004  1.0307000e+004
  9.5000000e+001  1.9503641e-004  2.3420000e+003
