  5.0000000e+000  8.4180339e-002  3.4234400e+005
  1.0000000e+001  6.9603549e-002  3.8624400e+005
  1.5000000e+001  7.5530359e-002  3.9017700e+005
  2.0000000e+001  1.0041658e-001  4.3422300e+005
  2.5000000e+001  1.0246962e-001  4.7102200e+005
  3.0000000e+001  8.7066067e-002  5.0681200e+005
  3.5000000e+001  7.3525154e-002  5.1990900e+005
  4.0000000e+001  7.0007579e-002  5.0956100e+005
  4.5000000e+001  7.2055788e-002  4.9185400e+005
  5.0000000e+001  7.5188041e-002  5.1080100e+005
  5.5000000e+001  6.1652504e-002  5.3214800e+005
  6.0000000e+001  3.9165522e-002  5.7802100e+005
  6.5000000e+001  2.4168575e-002  4.5075300e+005
  7.0000000e+001  1.4765689e-002  3.3128800e+005
  7.5000000e+001  2.2738452e-002  3.3822500e+005
  8.0000000e+001  1.4810306e-002  2.8582400e+005
  8.5000000e+001  8.8438242e-003  1.7607500e+005
  9.0000000e+001  2.8975541e-003  7.3414000e+004
  9.5000000e+001  9.1449651e-004  1.5851000e+004
