  5.0000000e+000  1.6836403e-001  1.5411410e+006
  1.0000000e+001  1.4235160e-001  1.3030330e+006
  1.5000000e+001  1.2023773e-001  1.1006110e+006
  2.0000000e+001  1.0291891e-001  9.4208100e+005
  2.5000000e+001  8.7445366e-002  8.0044200e+005
  3.0000000e+001  7.3854355e-002  6.7603500e+005
  3.5000000e+001  6.2382615e-002  5.7102700e+005
  4.0000000e+001  5.2927125e-002  4.8447500e+005
  4.5000000e+001  4.4457037e-002  4.0694300e+005
  5.0000000e+001  3.6982511e-002  3.3852400e+005
  5.5000000e+001  3.0175043e-002  2.7621100e+005
  6.0000000e+001  2.4803947e-002  2.2704600e+005
  6.5000000e+001  1.9475019e-002  1.7826700e+005
  7.0000000e+001  1.4495898e-002  1.3269000e+005
  7.5000000e+001  9.8315159e-003  8.9994000e+004
  8.0000000e+001  5.7417696e-003  5.2558000e+004
  8.5000000e+001  2.5882645e-003  2.3692000e+004
  9.0000000e+001  7.8493502e-004  7.1850000e+003
  9.5000000e+001  1.8233216e-004  1.6690000e+003
