  1.0000000e+000  1.6207123e-002  1.6207123e-002
  2.0000000e+000  6.4018136e-002  4.7811013e-002
  3.0000000e+000  1.5804646e-001  9.4028325e-002
  4.0000000e+000  2.9673824e-001  1.3869178e-001
  5.0000000e+000  4.6039454e-001  1.6365630e-001
  6.0000000e+000  6.2132323e-001  1.6092869e-001
  7.0000000e+000  7.5696313e-001  1.3563990e-001
  8.0000000e+000  8.5699756e-001  1.0003443e-001
  9.0000000e+000  9.2257568e-001  6.5578124e-002
  1.0000000e+001  9.6126678e-001  3.8691093e-002
  1.1000000e+001  1.0000000e+000  2.0752495e-002
