  5.0000000e+000  1.2348178e-001  7.8635000e+005
  1.0000000e+001  1.2676264e-001  8.0724300e+005
  1.5000000e+001  1.2264166e-001  7.8100000e+005
  2.0000000e+001  1.1372368e-001  7.2420900e+005
  2.5000000e+001  9.8429276e-002  6.2681200e+005
  3.0000000e+001  8.2538309e-002  5.2561600e+005
  3.5000000e+001  6.7473013e-002  4.2967800e+005
  4.0000000e+001  5.8339586e-002  3.7151500e+005
  4.5000000e+001  4.9806804e-002  3.1717700e+005
  5.0000000e+001  3.9654085e-002  2.5252300e+005
  5.5000000e+001  3.6755125e-002  2.3406200e+005
  6.0000000e+001  2.4698083e-002  1.5728100e+005
  6.5000000e+001  1.8926545e-002  1.2052700e+005
  7.0000000e+001  1.4550860e-002  9.2662000e+004
  7.5000000e+001  1.0664956e-002  6.7916000e+004
  8.0000000e+001  6.9034221e-003  4.3962000e+004
  8.5000000e+001  3.3320530e-003  2.1219000e+004
  9.0000000e+001  1.0728397e-003  6.8320000e+003
  9.5000000e+001  2.4528332e-004  1.5620000e+003
