  5.0000000e+000  5.1846968e-002  2.3858300e+005
  1.0000000e+001  4.8685512e-002  2.2403500e+005
  1.5000000e+001  5.7777632e-002  2.6587400e+005
  2.0000000e+001  7.2235839e-002  3.3240600e+005
  2.5000000e+001  8.1460302e-002  3.7485400e+005
  3.0000000e+001  7.3160719e-002  3.3666200e+005
  3.5000000e+001  6.5334660e-002  3.0064900e+005
  4.0000000e+001  6.4272221e-002  2.9576000e+005
  4.5000000e+001  6.4204854e-002  2.9545000e+005
  5.0000000e+001  7.7618659e-002  3.5717600e+005
  5.5000000e+001  7.4021710e-002  3.4062400e+005
  6.0000000e+001  6.2597614e-002  2.8805400e+005
  6.5000000e+001  4.5101384e-002  2.0754200e+005
  7.0000000e+001  3.5750010e-002  1.6451000e+005
  7.5000000e+001  4.8790908e-002  2.2452000e+005
  8.0000000e+001  3.3189422e-002  1.5272700e+005
  8.5000000e+001  2.7475418e-002  1.2643300e+005
  9.0000000e+001  1.0831051e-002  4.9841000e+004
  9.5000000e+001  5.6451159e-003  2.5977000e+004
