  5.0000000e+000  6.8764485e-002  1.9939783e+007
  1.0000000e+001  6.8208273e-002  1.9778497e+007
  1.5000000e+001  7.3085100e-002  2.1192641e+007
  2.0000000e+001  7.0953002e-002  2.0574392e+007
  2.5000000e+001  7.1334787e-002  2.0685099e+007
  3.0000000e+001  6.5424784e-002  1.8971363e+007
  3.5000000e+001  7.0873991e-002  2.0551481e+007
  4.0000000e+001  7.3399993e-002  2.1283951e+007
  4.5000000e+001  7.8984247e-002  2.2903229e+007
  5.0000000e+001  7.4881508e-002  2.1713549e+007
  5.5000000e+001  6.5535943e-002  1.9003596e+007
  6.0000000e+001  5.4162884e-002  1.5705726e+007
  6.5000000e+001  4.1728854e-002  1.2100204e+007
  7.0000000e+001  3.3576305e-002  9.7361920e+006
  7.5000000e+001  2.9811829e-002  8.6445990e+006
  8.0000000e+001  2.5943615e-002  7.5229250e+006
  8.5000000e+001  1.8777333e-002  5.4449030e+006
  9.0000000e+001  1.0349281e-002  3.0010030e+006
  9.5000000e+001  4.2037836e-003  1.2189800e+006
