  5.0000000e+000  7.2353182e-002  1.2115910e+006
  1.0000000e+001  7.4917033e-002  1.2545240e+006
  1.5000000e+001  7.9924644e-002  1.3383790e+006
  2.0000000e+001  8.5797203e-002  1.4367180e+006
  2.5000000e+001  8.3368313e-002  1.3960450e+006
  3.0000000e+001  7.8292087e-002  1.3110410e+006
  3.5000000e+001  7.2757051e-002  1.2183540e+006
  4.0000000e+001  6.8317891e-002  1.1440180e+006
  4.5000000e+001  6.8554910e-002  1.1479870e+006
  5.0000000e+001  6.9283583e-002  1.1601890e+006
  5.5000000e+001  6.1535596e-002  1.0304450e+006
  6.0000000e+001  4.9748795e-002  8.3306900e+005
  6.5000000e+001  4.1844647e-002  7.0071000e+005
  7.0000000e+001  3.3797356e-002  5.6595400e+005
  7.5000000e+001  2.4424158e-002  4.0899500e+005
  8.0000000e+001  1.7244622e-002  2.8877000e+005
  8.5000000e+001  1.0989333e-002  1.8402200e+005
  9.0000000e+001  4.9756618e-003  8.3320000e+004
  9.5000000e+001  1.8739351e-003  3.1380000e+004
