  5.0000000e+000  1.7776866e-001  3.4158830e+006
  1.0000000e+001  1.5375929e-001  2.9545350e+006
  1.5000000e+001  1.2725217e-001  2.4451920e+006
  2.0000000e+001  9.5058335e-002  1.8265770e+006
  2.5000000e+001  8.8320849e-002  1.6971140e+006
  3.0000000e+001  7.7828184e-002  1.4954940e+006
  3.5000000e+001  6.2830156e-002  1.2073020e+006
  4.0000000e+001  4.9895013e-002  9.5874900e+005
  4.5000000e+001  4.1112545e-002  7.8999100e+005
  5.0000000e+001  3.3448247e-002  6.4271900e+005
  5.5000000e+001  2.6917679e-002  5.1723200e+005
  6.0000000e+001  2.1214055e-002  4.0763500e+005
  6.5000000e+001  1.6344609e-002  3.1406700e+005
  7.0000000e+001  1.1966333e-002  2.2993700e+005
  7.5000000e+001  8.4527315e-003  1.6242200e+005
  8.0000000e+001  5.0210959e-003  9.6482000e+004
  8.5000000e+001  2.1087333e-003  4.0520000e+004
  9.0000000e+001  5.8947735e-004  1.1327000e+004
  9.5000000e+001  1.1183781e-004  2.1490000e+003
