  5.0000000e+000  6.4934568e-002  4.3064220e+006
  1.0000000e+001  6.5399455e-002  4.3372530e+006
  1.5000000e+001  7.2328709e-002  4.7967970e+006
  2.0000000e+001  7.8532745e-002  5.2082450e+006
  2.5000000e+001  7.3272822e-002  4.8594100e+006
  3.0000000e+001  8.0995056e-002  5.3715440e+006
  3.5000000e+001  8.5570625e-002  5.6749930e+006
  4.0000000e+001  8.1367813e-002  5.3962650e+006
  4.5000000e+001  7.7791800e-002  5.1591060e+006
  5.0000000e+001  7.2284936e-002  4.7938940e+006
  5.5000000e+001  6.4225364e-002  4.2593880e+006
  6.0000000e+001  5.3177798e-002  3.5267200e+006
  6.5000000e+001  4.0538391e-002  2.6884820e+006
  7.0000000e+001  3.1273772e-002  2.0740580e+006
  7.5000000e+001  2.5444212e-002  1.6874450e+006
  8.0000000e+001  1.7628852e-002  1.1691350e+006
  8.5000000e+001  9.9401976e-003  6.5922800e+005
  9.0000000e+001  4.0409439e-003  2.6799300e+005
  9.5000000e+001  1.2519412e-003  8.3028000e+004
