  5.0000000e+000  1.8619701e-001  1.3961090e+007
  1.0000000e+001  1.4786573e-001  1.1087003e+007
  1.5000000e+001  1.2233802e-001  9.1729300e+006
  2.0000000e+001  1.0998731e-001  8.2468710e+006
  2.5000000e+001  9.2203506e-002  6.9134380e+006
  3.0000000e+001  7.4690858e-002  5.6003360e+006
  3.5000000e+001  5.8242851e-002  4.3670610e+006
  4.0000000e+001  4.6108675e-002  3.4572380e+006
  4.5000000e+001  3.9423938e-002  2.9560150e+006
  5.0000000e+001  3.2675157e-002  2.4499900e+006
  5.5000000e+001  2.6196127e-002  1.9641910e+006
  6.0000000e+001  2.0780164e-002  1.5581010e+006
  6.5000000e+001  1.6379976e-002  1.2281740e+006
  7.0000000e+001  1.1760210e-002  8.8178300e+005
  7.5000000e+001  7.8569268e-003  5.8911400e+005
  8.0000000e+001  4.5899180e-003  3.4415300e+005
  8.5000000e+001  1.9932327e-003  1.4945300e+005
  9.0000000e+001  5.9522375e-004  4.4630000e+004
  9.5000000e+001  1.1517706e-004  8.6360000e+003
