  5.0000000e+000  6.0365065e-002  3.4829160e+006
  1.0000000e+001  6.4718353e-002  3.7340900e+006
  1.5000000e+001  6.6694173e-002  3.8480900e+006
  2.0000000e+001  6.0335306e-002  3.4811990e+006
  2.5000000e+001  5.8573204e-002  3.3795300e+006
  3.0000000e+001  6.5959480e-002  3.8057000e+006
  3.5000000e+001  7.7196943e-002  4.4540740e+006
  4.0000000e+001  7.9640894e-002  4.5950840e+006
  4.5000000e+001  7.1548418e-002  4.1281680e+006
  5.0000000e+001  6.4406832e-002  3.7161160e+006
  5.5000000e+001  6.9663000e-002  4.0193840e+006
  6.0000000e+001  5.7544096e-002  3.3201530e+006
  6.5000000e+001  4.9621471e-002  2.8630370e+006
  7.0000000e+001  4.4658851e-002  2.5767060e+006
  7.5000000e+001  3.9973885e-002  2.3063950e+006
  8.0000000e+001  3.3051580e-002  1.9069950e+006
  8.5000000e+001  2.1268375e-002  1.2271330e+006
  9.0000000e+001  1.1110612e-002  6.4105500e+005
  9.5000000e+001  3.6694629e-003  2.1171900e+005
