  1.0000000e+000  3.9653340e-002  3.9653340e-002
  2.0000000e+000  1.2285539e-001  8.3202048e-002
  3.0000000e+000  2.4066192e-001  1.1780653e-001
  4.0000000e+000  4.3474101e-001  1.9407909e-001
  5.0000000e+000  6.2279813e-001  1.8805712e-001
  6.0000000e+000  7.5986736e-001  1.3706923e-001
  7.0000000e+000  8.6536003e-001  1.0549266e-001
  8.0000000e+000  9.3129294e-001  6.5932915e-002
  9.0000000e+000  9.6792234e-001  3.6629397e-002
  1.0000000e+001  9.8623704e-001  1.8314699e-002
  1.1000000e+001  1.0000000e+000  1.3800000e-002
