  5.0000000e+000  9.9502971e-002  1.1832535e+008
  1.0000000e+001  9.8886492e-002  1.1759225e+008
  1.5000000e+001  9.8345392e-002  1.1694880e+008
  2.0000000e+001  9.4392160e-002  1.1224775e+008
  2.5000000e+001  8.8412681e-002  1.0513717e+008
  3.0000000e+001  8.3713433e-002  9.9548997e+007
  3.5000000e+001  7.8292597e-002  9.3102734e+007
  4.0000000e+001  7.2685695e-002  8.6435208e+007
  4.5000000e+001  6.4553656e-002  7.6764881e+007
  5.0000000e+001  5.4651185e-002  6.4989219e+007
  5.5000000e+001  4.5638873e-002  5.4272103e+007
  6.0000000e+001  3.7144359e-002  4.4170733e+007
  6.5000000e+001  2.9270907e-002  3.4807907e+007
  7.0000000e+001  2.2321918e-002  2.6544420e+007
  7.5000000e+001  1.5737201e-002  1.8714112e+007
  8.0000000e+001  9.6839834e-003  1.1515844e+007
  8.5000000e+001  4.7490440e-003  5.6473920e+006
  9.0000000e+001  1.6368197e-003  1.9464470e+006
  9.5000000e+001  3.8063465e-004  4.5263700e+005
