  5.0000000e+000  5.7171435e-002  7.6046036e+007
  1.0000000e+001  5.6553625e-002  7.5224261e+007
  1.5000000e+001  6.5415016e-002  8.7011156e+007
  2.0000000e+001  7.7864187e-002  1.0357030e+008
  2.5000000e+001  9.2960601e-002  1.2365065e+008
  3.0000000e+001  7.6037327e-002  1.0114032e+008
  3.5000000e+001  7.0779697e-002  9.4146935e+007
  4.0000000e+001  8.7808013e-002  1.1679699e+008
  4.5000000e+001  9.2226014e-002  1.2267355e+008
  5.0000000e+001  7.5305394e-002  1.0016675e+008
  5.5000000e+001  5.9486805e-002  7.9125803e+007
  6.0000000e+001  5.9797281e-002  7.9538779e+007
  6.5000000e+001  4.2137211e-002  5.6048407e+007
  7.0000000e+001  2.9914696e-002  3.9790746e+007
  7.5000000e+001  2.4183734e-002  3.2167761e+007
  8.0000000e+001  1.7580657e-002  2.3384742e+007
  8.5000000e+001  9.7426663e-003  1.2959114e+007
  9.0000000e+001  3.9739061e-003  5.2858530e+006
  9.5000000e+001  1.0617345e-003  1.4122560e+006
