  5.0000000e+000  8.7439948e-002  3.6146550e+006
  1.0000000e+001  8.5391311e-002  3.5299670e+006
  1.5000000e+001  8.2422520e-002  3.4072410e+006
  2.0000000e+001  8.1800029e-002  3.3815080e+006
  2.5000000e+001  8.0370425e-002  3.3224100e+006
  3.0000000e+001  7.8634812e-002  3.2506620e+006
  3.5000000e+001  7.7368662e-002  3.1983210e+006
  4.0000000e+001  6.5747449e-002  2.7179150e+006
  4.5000000e+001  5.7022988e-002  2.3572570e+006
  5.0000000e+001  5.4115689e-002  2.2370730e+006
  5.5000000e+001  5.1801732e-002  2.1414170e+006
  6.0000000e+001  4.7941888e-002  1.9818560e+006
  6.5000000e+001  4.0844038e-002  1.6884400e+006
  7.0000000e+001  3.3036441e-002  1.3656840e+006
  7.5000000e+001  2.6734842e-002  1.1051840e+006
  8.0000000e+001  2.1225938e-002  8.7745300e+005
  8.5000000e+001  1.5251950e-002  6.3049600e+005
  9.0000000e+001  8.5963729e-003  3.5536300e+005
  9.5000000e+001  4.2529625e-003  1.7581200e+005
