  1.0000000e+000  6.3889998e-003  6.3889998e-003
  2.0000000e+000  2.8750499e-002  2.2361499e-002
  3.0000000e+000  8.0927330e-002  5.2176831e-002
  4.0000000e+000  1.7223679e-001  9.1309455e-002
  5.0000000e+000  3.0007002e-001  1.2783324e-001
  6.0000000e+000  4.4920880e-001  1.4913878e-001
  7.0000000e+000  5.9834758e-001  1.4913878e-001
  8.0000000e+000  7.2884401e-001  1.3049643e-001
  9.0000000e+000  8.3034123e-001  1.0149722e-001
  1.0000000e+001  9.0138928e-001  7.1048056e-002
  1.1000000e+001  1.0000000e+000  4.5212399e-002
