  5.0000000e+000  1.0403741e-001  2.6458400e+005
  1.0000000e+001  8.4880554e-002  2.1586500e+005
  1.5000000e+001  7.0892063e-002  1.8029000e+005
  2.0000000e+001  6.4220447e-002  1.6332300e+005
  2.5000000e+001  9.3124229e-002  2.3683000e+005
  3.0000000e+001  1.2238387e-001  3.1124200e+005
  3.5000000e+001  1.2131119e-001  3.0851400e+005
  4.0000000e+001  9.8220247e-002  2.4979000e+005
  4.5000000e+001  7.9635902e-002  2.0252700e+005
  5.0000000e+001  5.9381196e-002  1.5101600e+005
  5.5000000e+001  4.1526651e-002  1.0560900e+005
  6.0000000e+001  2.6049068e-002  6.6247000e+004
  6.5000000e+001  1.5288448e-002  3.8881000e+004
  7.0000000e+001  8.8291662e-003  2.2454000e+004
  7.5000000e+001  5.3610427e-003  1.3634000e+004
  8.0000000e+001  2.8385923e-003  7.2190000e+003
  8.5000000e+001  1.3506808e-003  3.4350000e+003
  9.0000000e+001  5.0370366e-004  1.2810000e+003
  9.5000000e+001  1.6554195e-004  4.2100000e+002
