  5.0000000e+000  1.6689505e-001  8.3831200e+005
  1.0000000e+001  1.3458640e-001  6.7602600e+005
  1.5000000e+001  1.1546253e-001  5.7996700e+005
  2.0000000e+001  1.0546231e-001  5.2973600e+005
  2.5000000e+001  9.2090785e-002  4.6257100e+005
  3.0000000e+001  7.6161823e-002  3.8256000e+005
  3.5000000e+001  6.5193254e-002  3.2746500e+005
  4.0000000e+001  5.7731960e-002  2.8998700e+005
  4.5000000e+001  4.9123938e-002  2.4674900e+005
  5.0000000e+001  3.0926606e-002  1.5534400e+005
  5.5000000e+001  2.5413554e-002  1.2765200e+005
  6.0000000e+001  2.4890956e-002  1.2502700e+005
  6.5000000e+001  2.0480833e-002  1.0287500e+005
  7.0000000e+001  1.5808715e-002  7.9407000e+004
  7.5000000e+001  1.0551885e-002  5.3002000e+004
  8.0000000e+001  5.7678804e-003  2.8972000e+004
  8.5000000e+001  2.5859105e-003  1.2989000e+004
  9.0000000e+001  7.1471389e-004  3.5900000e+003
  9.5000000e+001  1.5090616e-004  7.5800000e+002
