  5.0000000e+000  9.2115653e-002  4.9203450e+006
  1.0000000e+001  9.2174232e-002  4.9234740e+006
  1.5000000e+001  9.4771375e-002  5.0622000e+006
  2.0000000e+001  9.7303086e-002  5.1974310e+006
  2.5000000e+001  9.5789575e-002  5.1165870e+006
  3.0000000e+001  9.1228690e-002  4.8729680e+006
  3.5000000e+001  8.2350431e-002  4.3987370e+006
  4.0000000e+001  7.2835533e-002  3.8905000e+006
  4.5000000e+001  6.7193845e-002  3.5891500e+006
  5.0000000e+001  5.7436148e-002  3.0679440e+006
  5.5000000e+001  4.7026536e-002  2.5119160e+006
  6.0000000e+001  3.4884822e-002  1.8633680e+006
  6.5000000e+001  2.5213376e-002  1.3467690e+006
  7.0000000e+001  1.9490661e-002  1.0410910e+006
  7.5000000e+001  1.4108058e-002  7.5358000e+005
  8.0000000e+001  9.1113030e-003  4.8667900e+005
  8.5000000e+001  4.8160565e-003  2.5724900e+005
  9.0000000e+001  1.7212999e-003  9.1943000e+004
  9.5000000e+001  4.2931871e-004  2.2932000e+004
