  1.0000000e+000  2.8686135e-002  2.8686135e-002
  2.0000000e+000  1.0327009e-001  7.4583951e-002
  3.0000000e+000  2.3254893e-001  1.2927885e-001
  4.0000000e+000  4.0061144e-001  1.6806250e-001
  5.0000000e+000  5.7539644e-001  1.7478500e-001
  6.0000000e+000  7.2687678e-001  1.5148034e-001
  7.0000000e+000  8.3940503e-001  1.1252825e-001
  8.0000000e+000  9.1254839e-001  7.3143362e-002
  9.0000000e+000  9.5480900e-001  4.2260609e-002
  1.0000000e+001  9.7678451e-001  2.1975517e-002
  1.1000000e+001  1.0000000e+000  1.0388426e-002
