  5.0000000e+000  1.2055502e-001  2.6758980e+006
  1.0000000e+001  1.2009581e-001  2.6657050e+006
  1.5000000e+001  1.1779387e-001  2.6146100e+006
  2.0000000e+001  1.1042482e-001  2.4510430e+006
  2.5000000e+001  1.0556535e-001  2.3431800e+006
  3.0000000e+001  9.0530317e-002  2.0094550e+006
  3.5000000e+001  7.2595947e-002  1.6113750e+006
  4.0000000e+001  5.9585465e-002  1.3225880e+006
  4.5000000e+001  5.2095901e-002  1.1563460e+006
  5.0000000e+001  4.1225352e-002  9.1505800e+005
  5.5000000e+001  3.1331444e-002  6.9544800e+005
  6.0000000e+001  2.3889051e-002  5.3025300e+005
  6.5000000e+001  1.7213490e-002  3.8207900e+005
  7.0000000e+001  1.3431855e-002  2.9814000e+005
  7.5000000e+001  1.0333978e-002  2.2937800e+005
  8.0000000e+001  7.0515663e-003  1.5652000e+005
  8.5000000e+001  4.2001241e-003  9.3228000e+004
  9.0000000e+001  1.6911235e-003  3.7537000e+004
  9.5000000e+001  3.8952110e-004  8.6460000e+003
