  5.0000000e+000  0.0000000e+000  1.1632465e-002  6.5895278e-002  8.5549740e-002  8.3021477e-002  8.4423863e-002  9.0616864e-002
  1.0000000e+001  0.0000000e+000  2.3651157e-002  1.1494349e-001  1.9428169e-001  2.0138562e-001  1.9709550e-001  1.9690600e-001
  1.5000000e+001  0.0000000e+000  3.6793371e-002  1.6543385e-001  2.9641567e-001  3.2685311e-001  3.2073815e-001  3.1001140e-001
  2.0000000e+001  8.5360629e-003  5.6844641e-002  2.2782757e-001  3.8830133e-001  4.4020822e-001  4.3559997e-001  4.2056501e-001
  2.5000000e+001  6.2727284e-002  9.8808521e-002  2.9403516e-001  4.5034117e-001  5.1124992e-001  5.1301873e-001  5.0489920e-001
  3.0000000e+001  1.4567161e-001  1.6140826e-001  3.7748295e-001  5.1041432e-001  5.6307944e-001  5.6859043e-001  5.6954623e-001
  3.5000000e+001  2.3621800e-001  2.2640512e-001  4.7872087e-001  6.0798859e-001  6.3463731e-001  6.3083914e-001  6.3124126e-001
  4.0000000e+001  3.1627298e-001  2.8292546e-001  5.7453988e-001  7.2650288e-001  7.3560182e-001  7.1410029e-001  7.0247649e-001
  4.5000000e+001  3.8457263e-001  3.3798747e-001  6.6084992e-001  8.2541805e-001  8.2653879e-001  7.9244001e-001  7.6938271e-001
  5.0000000e+001  4.4523491e-001  4.0089472e-001  7.4016418e-001  8.9189653e-001  8.8820644e-001  8.4938741e-001  8.2293608e-001
  5.5000000e+001  5.1523620e-001  4.9195037e-001  8.1705649e-001  9.3544194e-001  9.2747726e-001  8.8867240e-001  8.6344644e-001
  6.0000000e+001  5.8913239e-001  5.9780228e-001  8.7436872e-001  9.5885122e-001  9.4785438e-001  9.1167930e-001  8.8869764e-001
  6.5000000e+001  6.6552945e-001  7.1605177e-001  9.2368270e-001  9.7559903e-001  9.6398488e-001  9.3582877e-001  9.1609613e-001
  7.0000000e+001  7.3190536e-001  8.0659262e-001  9.5281708e-001  9.8433534e-001  9.7472750e-001  9.5526980e-001  9.4031026e-001
  7.5000000e+001  8.1696860e-001  8.9321138e-001  9.7438801e-001  9.9046625e-001  9.8381030e-001  9.7294948e-001  9.6362502e-001
  8.0000000e+001  9.2052493e-001  9.5773281e-001  9.8814992e-001  9.9494041e-001  9.9179327e-001  9.8706330e-001  9.8200831e-001
  8.5000000e+001  9.8314906e-001  9.8447850e-001  9.9422591e-001  9.9739191e-001  9.9603278e-001  9.9395040e-001  9.9131183e-001
  9.0000000e+001  9.9781696e-001  9.9650716e-001  9.9824003e-001  9.9921763e-001  9.9888241e-001  9.9849192e-001  9.9765475e-001
  9.5000000e+001  1.0000000e+000  1.0000000e+000  1.0000000e+000  1.0000000e+000  1.0000000e+000  1.0000000e+000  1.0000000e+000
