  5.0000000e+000  5.1553530e-002  4.0928100e+005
  1.0000000e+001  5.9063085e-002  4.6889900e+005
  1.5000000e+001  5.9520325e-002  4.7252900e+005
  2.0000000e+001  6.0637349e-002  4.8139700e+005
  2.5000000e+001  5.8974661e-002  4.6819700e+005
  3.0000000e+001  6.7334328e-002  5.3456400e+005
  3.5000000e+001  8.3682960e-002  6.6435500e+005
  4.0000000e+001  8.8341257e-002  7.0133700e+005
  4.5000000e+001  7.8444989e-002  6.2277100e+005
  5.0000000e+001  6.5819519e-002  5.2253800e+005
  5.5000000e+001  6.4437472e-002  5.1156600e+005
  6.0000000e+001  5.6606464e-002  4.4939600e+005
  6.5000000e+001  5.6377718e-002  4.4758000e+005
  7.0000000e+001  4.1469705e-002  3.2922600e+005
  7.5000000e+001  4.0615436e-002  3.2244400e+005
  8.0000000e+001  3.5406311e-002  2.8108900e+005
  8.5000000e+001  1.7756248e-002  1.4096600e+005
  9.0000000e+001  1.0333480e-002  8.2037000e+004
  9.5000000e+001  3.6251636e-003  2.8780000e+004
