  5.0000000e+000  9.5100464e-002  4.6702190e+006
  1.0000000e+001  9.4913632e-002  4.6610440e+006
  1.5000000e+001  9.6109826e-002  4.7197870e+006
  2.0000000e+001  1.0576938e-001  5.1941510e+006
  2.5000000e+001  1.1517006e-001  5.6558020e+006
  3.0000000e+001  9.9105411e-002  4.8668950e+006
  3.5000000e+001  7.3555905e-002  3.6122030e+006
  4.0000000e+001  5.8259519e-002  2.8610240e+006
  4.5000000e+001  5.0865102e-002  2.4978970e+006
  5.0000000e+001  4.7675211e-002  2.3412470e+006
  5.5000000e+001  4.3729542e-002  2.1474820e+006
  6.0000000e+001  3.6206592e-002  1.7780430e+006
  6.5000000e+001  2.8361579e-002  1.3927880e+006
  7.0000000e+001  2.1256665e-002  1.0438780e+006
  7.5000000e+001  1.5742869e-002  7.7310500e+005
  8.0000000e+001  9.9417681e-003  4.8822300e+005
  8.5000000e+001  5.4812971e-003  2.6917700e+005
  9.0000000e+001  2.1146745e-003  1.0384800e+005
  9.5000000e+001  6.4050316e-004  3.1454000e+004
