  5.0000000e+000  0.0000000e+000  1.5147154e-002  8.5256236e-002  1.0151282e-001  9.2112287e-002  8.6006419e-002  9.0707468e-002
  1.0000000e+001  0.0000000e+000  2.5808928e-002  1.2222252e-001  1.9055747e-001  2.1051992e-001  2.0598560e-001  2.0785982e-001
  1.5000000e+001  0.0000000e+000  3.5275899e-002  1.5976559e-001  2.7725678e-001  3.3578533e-001  3.5221822e-001  3.6665609e-001
  2.0000000e+001  7.6884643e-003  5.3188938e-002  2.1664017e-001  3.6873413e-001  4.5760184e-001  4.9841188e-001  5.3525490e-001
  2.5000000e+001  3.8669769e-002  1.1508179e-001  3.1121739e-001  4.5592065e-001  5.4746774e-001  6.0060574e-001  6.5374050e-001
  3.0000000e+001  9.4345884e-002  2.3961706e-001  4.2393739e-001  5.2599198e-001  5.9748138e-001  6.4845544e-001  7.0642287e-001
  3.5000000e+001  1.6568230e-001  3.5347707e-001  5.3302678e-001  6.0486004e-001  6.4684705e-001  6.8496140e-001  7.3705796e-001
  4.0000000e+001  2.3281281e-001  4.1973238e-001  6.0720382e-001  6.9708221e-001  7.2731667e-001  7.4781268e-001  7.8133452e-001
  4.5000000e+001  2.9984265e-001  4.6994405e-001  6.6168923e-001  7.8054799e-001  8.1545218e-001  8.2704069e-001  8.4252852e-001
  5.0000000e+001  3.7064960e-001  5.2063995e-001  7.2005557e-001  8.5172479e-001  8.8819809e-001  8.9668986e-001  9.0276173e-001
  5.5000000e+001  4.4904062e-001  5.8540362e-001  7.9006620e-001  9.1009293e-001  9.3914290e-001  9.4349565e-001  9.4549341e-001
  6.0000000e+001  5.2941527e-001  6.6628739e-001  8.5864801e-001  9.4999737e-001  9.6766536e-001  9.6853261e-001  9.6864961e-001
  6.5000000e+001  6.1055430e-001  7.5175248e-001  9.0900214e-001  9.7154899e-001  9.8110513e-001  9.7989305e-001  9.7872728e-001
  7.0000000e+001  7.0531779e-001  8.3667338e-001  9.4586155e-001  9.8406981e-001  9.8803261e-001  9.8597274e-001  9.8439464e-001
  7.5000000e+001  8.1202040e-001  9.0782633e-001  9.7068434e-001  9.9134665e-001  9.9221994e-001  9.9024856e-001  9.8842825e-001
  8.0000000e+001  9.1617262e-001  9.5869762e-001  9.8654627e-001  9.9581333e-001  9.9552798e-001  9.9396485e-001  9.9235604e-001
  8.5000000e+001  9.9006316e-001  9.8637895e-001  9.9505769e-001  9.9823595e-001  9.9797603e-001  9.9724967e-001  9.9624574e-001
  9.0000000e+001  9.9876582e-001  9.9717565e-001  9.9876296e-001  9.9948143e-001  9.9944100e-001  9.9930407e-001  9.9900535e-001
  9.5000000e+001  1.0000000e+000  1.0000000e+000  1.0000000e+000  1.0000000e+000  1.0000000e+000  1.0000000e+000  1.0000000e+000
