  5.0000000e+000  7.2190688e-002  2.7361000e+005
  1.0000000e+001  6.9272560e-002  2.6255000e+005
  1.5000000e+001  7.4924652e-002  2.8397200e+005
  2.0000000e+001  8.1457196e-002  3.0873100e+005
  2.5000000e+001  8.3732333e-002  3.1735400e+005
  3.0000000e+001  7.9398676e-002  3.0092900e+005
  3.5000000e+001  7.7481049e-002  2.9366100e+005
  4.0000000e+001  7.4540758e-002  2.8251700e+005
  4.5000000e+001  7.0069109e-002  2.6556900e+005
  5.0000000e+001  6.4519916e-002  2.4453700e+005
  5.5000000e+001  5.9478362e-002  2.2542900e+005
  6.0000000e+001  5.0575433e-002  1.9168600e+005
  6.5000000e+001  3.9031941e-002  1.4793500e+005
  7.0000000e+001  3.3406498e-002  1.2661400e+005
  7.5000000e+001  2.7663115e-002  1.0484600e+005
  8.0000000e+001  2.1420010e-002  8.1184000e+004
  8.5000000e+001  1.3194635e-002  5.0009000e+004
  9.0000000e+001  5.9576249e-003  2.2580000e+004
  9.5000000e+001  1.6854432e-003  6.3880000e+003
