  5.0000000e+000  1.5991170e-001  2.3760000e+005
  1.0000000e+001  1.3962055e-001  2.0745100e+005
  1.5000000e+001  1.2176912e-001  1.8092700e+005
  2.0000000e+001  1.0823653e-001  1.6082000e+005
  2.5000000e+001  9.5446286e-002  1.4181600e+005
  3.0000000e+001  7.4187317e-002  1.1022900e+005
  3.5000000e+001  5.6315704e-002  8.3675000e+004
  4.0000000e+001  5.1045887e-002  7.5845000e+004
  4.5000000e+001  4.4839213e-002  6.6623000e+004
  5.0000000e+001  3.9206633e-002  5.8254000e+004
  5.5000000e+001  2.8861504e-002  4.2883000e+004
  6.0000000e+001  2.2703288e-002  3.3733000e+004
  6.5000000e+001  1.8380423e-002  2.7310000e+004
  7.0000000e+001  1.4809331e-002  2.2004000e+004
  7.5000000e+001  1.1249007e-002  1.6714000e+004
  8.0000000e+001  7.5709036e-003  1.1249000e+004
  8.5000000e+001  3.9890431e-003  5.9270000e+003
  9.0000000e+001  1.4678763e-003  2.1810000e+003
  9.5000000e+001  3.8968381e-004  5.7900000e+002
