  5.0000000e+000  8.4614748e-002  6.5047880e+006
  1.0000000e+001  7.8832426e-002  6.0602700e+006
  1.5000000e+001  8.0257993e-002  6.1698610e+006
  2.0000000e+001  1.0775060e-001  8.2833650e+006
  2.5000000e+001  1.2067384e-001  9.2768430e+006
  3.0000000e+001  1.0965264e-001  8.4295850e+006
  3.5000000e+001  9.1077249e-002  7.0015950e+006
  4.0000000e+001  7.1573310e-002  5.5022230e+006
  4.5000000e+001  6.1880255e-002  4.7570660e+006
  5.0000000e+001  4.9335700e-002  3.7926990e+006
  5.5000000e+001  4.2071603e-002  3.2342690e+006
  6.0000000e+001  3.1643305e-002  2.4325900e+006
  6.5000000e+001  2.1462160e-002  1.6499110e+006
  7.0000000e+001  1.5801165e-002  1.2147200e+006
  7.5000000e+001  1.3460076e-002  1.0347480e+006
  8.0000000e+001  1.0608486e-002  8.1553100e+005
  8.5000000e+001  6.2642450e-003  4.8156600e+005
  9.0000000e+001  2.9835963e-003  2.2936500e+005
  9.5000000e+001  5.6598119e-005  4.3510000e+003
