  5.0000000e+000  0.0000000e+000  6.9322593e-003  1.0310085e-001  1.1502367e-001  1.0287999e-001  1.0190919e-001  1.0436826e-001
  1.0000000e+001  0.0000000e+000  1.3376191e-002  1.4596029e-001  2.3458024e-001  2.6154315e-001  2.6926149e-001  2.7055310e-001
  1.5000000e+001  0.0000000e+000  1.9862422e-002  1.8931304e-001  3.4316814e-001  4.2163457e-001  4.5464014e-001  4.7430016e-001
  2.0000000e+001  2.1462950e-002  3.2916162e-002  2.4975436e-001  4.3643187e-001  5.3730526e-001  5.8469355e-001  6.3010791e-001
  2.5000000e+001  1.1287835e-001  8.3810532e-002  3.2605300e-001  4.8924459e-001  5.8340655e-001  6.3100260e-001  6.8945964e-001
  3.0000000e+001  2.2848223e-001  1.8282455e-001  4.1204163e-001  5.2241390e-001  6.0400317e-001  6.4970120e-001  7.0831044e-001
  3.5000000e+001  3.3033292e-001  2.6277276e-001  5.2594990e-001  6.0111345e-001  6.5491903e-001  6.9223962e-001  7.3935412e-001
  4.0000000e+001  4.0891890e-001  3.1232085e-001  6.0972103e-001  7.2163945e-001  7.5972173e-001  7.7984291e-001  8.0633138e-001
  4.5000000e+001  4.7354586e-001  3.5453583e-001  6.7909999e-001  8.3814632e-001  8.7526716e-001  8.7890457e-001  8.8283757e-001
  5.0000000e+001  5.3214151e-001  4.1001805e-001  7.6901997e-001  9.2771204e-001  9.5075692e-001  9.4063725e-001  9.3303070e-001
  5.5000000e+001  5.9795859e-001  5.1789726e-001  8.7617928e-001  9.7522242e-001  9.8088857e-001  9.6630720e-001  9.5793812e-001
  6.0000000e+001  6.5389688e-001  6.3274307e-001  9.3226837e-001  9.8902424e-001  9.8933579e-001  9.7650333e-001  9.7048541e-001
  6.5000000e+001  7.1127640e-001  7.4275985e-001  9.6188412e-001  9.9420676e-001  9.9323635e-001  9.8415094e-001  9.7935730e-001
  7.0000000e+001  7.7420473e-001  8.3869397e-001  9.7880899e-001  9.9667279e-001  9.9551088e-001  9.8991423e-001  9.8632979e-001
  7.5000000e+001  8.4738763e-001  9.1518757e-001  9.8902666e-001  9.9808057e-001  9.9717048e-001  9.9424874e-001  9.9215944e-001
  8.0000000e+001  9.2711261e-001  9.6685662e-001  9.9494789e-001  9.9898536e-001  9.9848125e-001  9.9726284e-001  9.9642018e-001
  8.5000000e+001  9.8760689e-001  9.9072200e-001  9.9791257e-001  9.9954090e-001  9.9938327e-001  9.9905684e-001  9.9874965e-001
  9.0000000e+001  9.9829330e-001  9.9846880e-001  9.9941320e-001  9.9987649e-001  9.9986694e-001  9.9980133e-001  9.9976108e-001
  9.5000000e+001  1.0000000e+000  1.0000000e+000  1.0000000e+000  1.0000000e+000  1.0000000e+000  1.0000000e+000  1.0000000e+000
