  5.0000000e+000  6.3454576e-002  1.0001110e+006
  1.0000000e+001  6.3065770e-002  9.9398300e+005
  1.5000000e+001  6.1953407e-002  9.7645100e+005
  2.0000000e+001  5.8511252e-002  9.2219900e+005
  2.5000000e+001  6.0656857e-002  9.5601600e+005
  3.0000000e+001  7.0568060e-002  1.1122270e+006
  3.5000000e+001  8.3104087e-002  1.3098080e+006
  4.0000000e+001  8.3728728e-002  1.3196530e+006
  4.5000000e+001  7.7862623e-002  1.2271970e+006
  5.0000000e+001  7.1992711e-002  1.1346810e+006
  5.5000000e+001  7.4487341e-002  1.1739990e+006
  6.0000000e+001  5.5196435e-002  8.6995400e+005
  6.5000000e+001  4.6769905e-002  7.3714300e+005
  7.0000000e+001  4.0423566e-002  6.3711800e+005
  7.5000000e+001  3.4769312e-002  5.4800100e+005
  8.0000000e+001  2.7620107e-002  4.3532200e+005
  8.5000000e+001  1.6229054e-002  2.5578700e+005
  9.0000000e+001  7.5007674e-003  1.1822000e+005
  9.5000000e+001  2.1054429e-003  3.3184000e+004
