  5.0000000e+000  0.0000000e+000  1.0379299e-002  7.0376965e-002  8.1567806e-002  8.2814896e-002  9.1663274e-002  1.0867728e-001  1.1771377e-001  1.2675026e-001
  1.0000000e+001  0.0000000e+000  2.0822566e-002  1.1529653e-001  1.8065723e-001  1.9989179e-001  2.1587850e-001  2.3827645e-001  2.5748286e-001  2.7668926e-001
  1.5000000e+001  0.0000000e+000  3.2565727e-002  1.6391704e-001  2.8556670e-001  3.3028365e-001  3.5419921e-001  3.8140128e-001  4.1334614e-001  4.4529100e-001
  2.0000000e+001  1.2737391e-002  5.1375977e-002  2.2652520e-001  3.8251775e-001  4.4258481e-001  4.7065296e-001  5.0738641e-001  5.4900930e-001  5.9063218e-001
  2.5000000e+001  6.9647379e-002  9.8017489e-002  3.0619669e-001  4.5436574e-001  5.1690206e-001  5.4608875e-001  5.9367399e-001  6.4011007e-001  6.8654615e-001
  3.0000000e+001  1.4602649e-001  1.6934018e-001  4.0233819e-001  5.1515099e-001  5.6903709e-001  5.9926998e-001  6.5297505e-001  6.9891641e-001  7.4485776e-001
  3.5000000e+001  2.1742914e-001  2.2722242e-001  4.9724438e-001  6.0070128e-001  6.3454130e-001  6.5846337e-001  7.0720661e-001  7.4270839e-001  7.7821017e-001
  4.0000000e+001  2.7966125e-001  2.7041113e-001  5.7468528e-001  7.0551838e-001  7.2643209e-001  7.3723215e-001  7.7080500e-001  7.9256721e-001  8.1432942e-001
  4.5000000e+001  3.3742736e-001  3.1463647e-001  6.4968218e-001  8.0615776e-001  8.1819937e-001  8.1492815e-001  8.3346734e-001  8.4257054e-001  8.5167373e-001
  5.0000000e+001  3.9854439e-001  3.7500381e-001  7.3523247e-001  8.8519966e-001  8.8529625e-001  8.7192112e-001  8.8303833e-001  8.8231789e-001  8.8159744e-001
  5.5000000e+001  4.6734179e-001  4.6486937e-001  8.2145078e-001  9.3572787e-001  9.2629755e-001  9.0886952e-001  9.1731817e-001  9.1118160e-001  9.0504503e-001
  6.0000000e+001  5.3742748e-001  5.6972477e-001  8.8269552e-001  9.6100534e-001  9.4830923e-001  9.3193106e-001  9.3916749e-001  9.3188821e-001  9.2460892e-001
  6.5000000e+001  6.1671864e-001  6.8604352e-001  9.2575022e-001  9.7542365e-001  9.6338536e-001  9.5086672e-001  9.5599539e-001  9.4951930e-001  9.4304322e-001
  7.0000000e+001  7.0862693e-001  7.9834595e-001  9.5518397e-001  9.8433376e-001  9.7514660e-001  9.6733921e-001  9.7035519e-001  9.6569567e-001  9.6103615e-001
  7.5000000e+001  8.1553919e-001  8.9407283e-001  9.7533660e-001  9.9055975e-001  9.8487035e-001  9.8079190e-001  9.8207842e-001  9.7925131e-001  9.7642420e-001
  8.0000000e+001  9.1981798e-001  9.5763980e-001  9.8779632e-001  9.9501482e-001  9.9232139e-001  9.9046485e-001  9.9096442e-001  9.8961429e-001  9.8826415e-001
  8.5000000e+001  9.8385059e-001  9.8482748e-001  9.9415273e-001  9.9754290e-001  9.9646931e-001  9.9573193e-001  9.9575090e-001  9.9515357e-001  9.9455623e-001
  9.0000000e+001  9.9743665e-001  9.9674132e-001  9.9825968e-001  9.9931038e-001  9.9904546e-001  9.9891943e-001  9.9884898e-001  9.9869517e-001  9.9854137e-001
  9.5000000e+001  1.0000000e+000  1.0000000e+000  1.0000000e+000  1.0000000e+000  1.0000000e+000  1.0000000e+000  1.0000000e+000  1.0000000e+000  1.0000000e+000
