  5.0000000e+000  9.6669798e-002  2.9841000e+005
  1.0000000e+001  8.8460915e-002  2.7307000e+005
  1.5000000e+001  9.2278661e-002  2.8485500e+005
  2.0000000e+001  9.7376332e-002  3.0059100e+005
  2.5000000e+001  1.1093233e-001  3.4243700e+005
  3.0000000e+001  9.5087952e-002  2.9352700e+005
  3.5000000e+001  8.5819754e-002  2.6491700e+005
  4.0000000e+001  7.6794519e-002  2.3705700e+005
  4.5000000e+001  6.6423596e-002  2.0504300e+005
  5.0000000e+001  5.9644627e-002  1.8411700e+005
  5.5000000e+001  4.4227218e-002  1.3652500e+005
  6.0000000e+001  2.8090641e-002  8.6713000e+004
  6.5000000e+001  1.8445690e-002  5.6940000e+004
  7.0000000e+001  1.5853769e-002  4.8939000e+004
  7.5000000e+001  1.0802423e-002  3.3346000e+004
  8.0000000e+001  7.5376591e-003  2.3268000e+004
  8.5000000e+001  3.5689527e-003  1.1017000e+004
  9.0000000e+001  1.4788299e-003  4.5650000e+003
  9.5000000e+001  5.0633321e-004  1.5630000e+003
