  5.0000000e+000  1.7328922e-001  7.8073500e+005
  1.0000000e+001  1.4559393e-001  6.5595700e+005
  1.5000000e+001  1.2192870e-001  5.4933600e+005
  2.0000000e+001  1.0423921e-001  4.6963800e+005
  2.5000000e+001  9.4264488e-002  4.2469800e+005
  3.0000000e+001  8.1908391e-002  3.6902900e+005
  3.5000000e+001  6.5207495e-002  2.9378500e+005
  4.0000000e+001  4.5307096e-002  2.0412600e+005
  4.5000000e+001  3.3678794e-002  1.5173600e+005
  5.0000000e+001  2.9834507e-002  1.3441600e+005
  5.5000000e+001  2.7385217e-002  1.2338100e+005
  6.0000000e+001  2.3627715e-002  1.0645200e+005
  6.5000000e+001  1.9554591e-002  8.8101000e+004
  7.0000000e+001  1.4442045e-002  6.5067000e+004
  7.5000000e+001  9.7299078e-003  4.3837000e+004
  8.0000000e+001  5.7717572e-003  2.6004000e+004
  8.5000000e+001  2.9258308e-003  1.3182000e+004
  9.0000000e+001  1.0469689e-003  4.7170000e+003
  9.5000000e+001  2.6412825e-004  1.1900000e+003
