  5.0000000e+000  1.6976187e-001  1.7724270e+006
  1.0000000e+001  1.4049793e-001  1.4668920e+006
  1.5000000e+001  1.1364112e-001  1.1864890e+006
  2.0000000e+001  1.0780232e-001  1.1255280e+006
  2.5000000e+001  1.0149104e-001  1.0596340e+006
  3.0000000e+001  8.6778085e-002  9.0602100e+005
  3.5000000e+001  6.9814895e-002  7.2891400e+005
  4.0000000e+001  4.8842095e-002  5.0994400e+005
  4.5000000e+001  4.1361921e-002  4.3184600e+005
  5.0000000e+001  3.3347202e-002  3.4816700e+005
  5.5000000e+001  2.8639073e-002  2.9901100e+005
  6.0000000e+001  2.0287786e-002  2.1181800e+005
  6.5000000e+001  1.2832515e-002  1.3398000e+005
  7.0000000e+001  9.5319590e-003  9.9520000e+004
  7.5000000e+001  7.4812277e-003  7.8109000e+004
  8.0000000e+001  4.6654112e-003  4.8710000e+004
  8.5000000e+001  2.2805059e-003  2.3810000e+004
  9.0000000e+001  7.6690510e-004  8.0070000e+003
  9.5000000e+001  1.7613819e-004  1.8390000e+003
