  5.0000000e+000  1.1088817e-001  1.1882000e+004
  1.0000000e+001  1.1349192e-001  1.2161000e+004
  1.5000000e+001  1.1752354e-001  1.2593000e+004
  2.0000000e+001  1.1277332e-001  1.2084000e+004
  2.5000000e+001  9.5694941e-002  1.0254000e+004
  3.0000000e+001  8.4841302e-002  9.0910000e+003
  3.5000000e+001  7.1999851e-002  7.7150000e+003
  4.0000000e+001  6.0875570e-002  6.5230000e+003
  4.5000000e+001  5.2672347e-002  5.6440000e+003
  5.0000000e+001  4.9368660e-002  5.2900000e+003
  5.5000000e+001  4.4422461e-002  4.7600000e+003
  6.0000000e+001  3.4250091e-002  3.6700000e+003
  6.5000000e+001  2.1996584e-002  2.3570000e+003
  7.0000000e+001  1.1749554e-002  1.2590000e+003
  7.5000000e+001  8.1378963e-003  8.7200000e+002
  8.0000000e+001  5.4968130e-003  5.8900000e+002
  8.5000000e+001  2.2957827e-003  2.4600000e+002
  9.0000000e+001  1.1292264e-003  1.2100000e+002
  9.5000000e+001  3.9196289e-004  4.2000000e+001
