  5.0000000e+000  0.0000000e+000  9.8309774e-003  7.7929114e-002  9.7030783e-002  9.2599199e-002  9.5514134e-002  1.0287552e-001
  1.0000000e+001  0.0000000e+000  1.9280307e-002  1.2425276e-001  2.0421612e-001  2.2813942e-001  2.3846566e-001  2.3972939e-001
  1.5000000e+001  0.0000000e+000  2.9465034e-002  1.7312530e-001  3.0745731e-001  3.7101265e-001  4.0213225e-001  4.0853250e-001
  2.0000000e+001  8.4007377e-003  4.4217638e-002  2.3142668e-001  4.0108183e-001  4.9107007e-001  5.3721439e-001  5.6682990e-001
  2.5000000e+001  5.4396147e-002  8.8038376e-002  3.0886784e-001  4.7295982e-001  5.6419279e-001  6.1231982e-001  6.6227516e-001
  3.0000000e+001  1.3926172e-001  1.6064455e-001  3.9683049e-001  5.2174395e-001  5.9897839e-001  6.4416230e-001  7.0254001e-001
  3.5000000e+001  2.2121004e-001  2.1372937e-001  4.9193328e-001  6.0901928e-001  6.5760218e-001  6.9132796e-001  7.3997933e-001
  4.0000000e+001  2.9657985e-001  2.5573040e-001  5.7728129e-001  7.2268872e-001  7.5837650e-001  7.7520852e-001  7.9768451e-001
  4.5000000e+001  3.6708604e-001  2.9874804e-001  6.6093957e-001  8.2861207e-001  8.6022576e-001  8.6339140e-001  8.6496344e-001
  5.0000000e+001  4.3695182e-001  3.5707848e-001  7.4994675e-001  9.0854086e-001  9.2973971e-001  9.2461219e-001  9.1737764e-001
  5.5000000e+001  5.1044457e-001  4.4764481e-001  8.3637740e-001  9.5566949e-001  9.6431220e-001  9.5442739e-001  9.4689531e-001
  6.0000000e+001  5.7742355e-001  5.5283504e-001  8.9390492e-001  9.7532821e-001  9.7772306e-001  9.6811489e-001  9.6292076e-001
  6.5000000e+001  6.4357784e-001  6.6452520e-001  9.3058720e-001  9.8448326e-001  9.8465708e-001  9.7783041e-001  9.7576484e-001
  7.0000000e+001  7.2112323e-001  7.8102724e-001  9.5771769e-001  9.9021481e-001  9.8981958e-001  9.8565183e-001  9.8535131e-001
  7.5000000e+001  8.1628488e-001  8.8320781e-001  9.7688225e-001  9.9419475e-001  9.9371657e-001  9.9156053e-001  9.9181995e-001
  8.0000000e+001  9.1768541e-001  9.5537654e-001  9.8922595e-001  9.9696139e-001  9.9673765e-001  9.9599605e-001  9.9605612e-001
  8.5000000e+001  9.8378563e-001  9.8623239e-001  9.9501516e-001  9.9850871e-001  9.9848570e-001  9.9815653e-001  9.9833095e-001
  9.0000000e+001  9.9772315e-001  9.9725035e-001  9.9840891e-001  9.9953623e-001  9.9957566e-001  9.9948053e-001  9.9948319e-001
  9.5000000e+001  1.0000000e+000  1.0000000e+000  1.0000000e+000  1.0000000e+000  1.0000000e+000  1.0000000e+000  1.0000000e+000
