  5.0000000e+000  5.6747314e-002  5.7576500e+005
  1.0000000e+001  5.9398278e-002  6.0266200e+005
  1.5000000e+001  6.1498687e-002  6.2397300e+005
  2.0000000e+001  5.9360431e-002  6.0227800e+005
  2.5000000e+001  6.2694120e-002  6.3610200e+005
  3.0000000e+001  6.5338185e-002  6.6292900e+005
  3.5000000e+001  7.3070698e-002  7.4138400e+005
  4.0000000e+001  7.9555444e-002  8.0717900e+005
  4.5000000e+001  7.7569266e-002  7.8702700e+005
  5.0000000e+001  7.1967715e-002  7.3019300e+005
  5.5000000e+001  6.7582097e-002  6.8569600e+005
  6.0000000e+001  5.5221805e-002  5.6028700e+005
  6.5000000e+001  4.9222959e-002  4.9942200e+005
  7.0000000e+001  4.8881942e-002  4.9596200e+005
  7.5000000e+001  4.5043036e-002  4.5701200e+005
  8.0000000e+001  3.6011898e-002  3.6538100e+005
  8.5000000e+001  1.8598639e-002  1.8870400e+005
  9.0000000e+001  9.1940574e-003  9.3284000e+004
  9.5000000e+001  3.0434297e-003  3.0879000e+004
