  5.0000000e+000  0.0000000e+000  1.1969468e-002  5.8789815e-002  6.8403722e-002  8.2795730e-002  1.0091858e-001  1.2543238e-001
  1.0000000e+001  0.0000000e+000  2.8947641e-002  1.1527355e-001  1.7190535e-001  1.9348097e-001  2.1830913e-001  2.6169023e-001
  1.5000000e+001  0.0000000e+000  4.9541216e-002  1.8003125e-001  2.9977458e-001  3.2857253e-001  3.4571042e-001  4.0121493e-001
  2.0000000e+001  3.7072011e-002  7.9369366e-002  2.5622630e-001  4.0571054e-001  4.3879602e-001  4.4995667e-001  5.1719904e-001
  2.5000000e+001  1.2545406e-001  1.2903842e-001  3.3913018e-001  4.6505417e-001  5.0171223e-001  5.1831953e-001  5.9514455e-001
  3.0000000e+001  1.8141980e-001  1.7977041e-001  4.4130816e-001  5.3022449e-001  5.6005893e-001  5.8148289e-001  6.5675578e-001
  3.5000000e+001  2.3476310e-001  2.1985441e-001  5.2958718e-001  6.2550115e-001  6.3500749e-001  6.5196714e-001  7.1587949e-001
  4.0000000e+001  2.9382738e-001  2.5861262e-001  6.0550178e-001  7.3885240e-001  7.2855172e-001  7.2762314e-001  7.7648717e-001
  4.5000000e+001  3.4218355e-001  3.0776457e-001  6.8778107e-001  8.4221202e-001  8.1489202e-001  7.9704669e-001  8.3295256e-001
  5.0000000e+001  4.0055079e-001  3.7419346e-001  7.6662878e-001  9.0045348e-001  8.6522873e-001  8.4083330e-001  8.7356408e-001
  5.5000000e+001  4.6324231e-001  4.6353858e-001  8.3498707e-001  9.3492612e-001  8.9782388e-001  8.7395057e-001  9.0371311e-001
  6.0000000e+001  5.4211569e-001  5.7239998e-001  8.8789961e-001  9.5544882e-001  9.2185386e-001  9.0273493e-001  9.2746722e-001
  6.5000000e+001  6.3909369e-001  6.9508380e-001  9.2756351e-001  9.6975378e-001  9.4258215e-001  9.2955735e-001  9.4723919e-001
  7.0000000e+001  7.4629582e-001  8.1368251e-001  9.5481399e-001  9.7946458e-001  9.6035040e-001  9.5373150e-001  9.6441688e-001
  7.5000000e+001  8.5800899e-001  9.0904468e-001  9.7404646e-001  9.8733135e-001  9.7643178e-001  9.7425907e-001  9.7920314e-001
  8.0000000e+001  9.4942119e-001  9.6438893e-001  9.8637905e-001  9.9333502e-001  9.8864828e-001  9.8724393e-001  9.8932400e-001
  8.5000000e+001  9.9097004e-001  9.8542635e-001  9.9257840e-001  9.9659598e-001  9.9464043e-001  9.9358037e-001  9.9466200e-001
  9.0000000e+001  9.9869535e-001  9.9574684e-001  9.9743428e-001  9.9891266e-001  9.9843590e-001  9.9796180e-001  9.9818508e-001
  9.5000000e+001  1.0000000e+000  1.0000000e+000  1.0000000e+000  1.0000000e+000  1.0000000e+000  1.0000000e+000  1.0000000e+000
