  5.0000000e+000  5.1580553e-002  1.7831000e+005
  1.0000000e+001  6.5652894e-002  2.2695700e+005
  1.5000000e+001  7.8190923e-002  2.7030000e+005
  2.0000000e+001  7.6244683e-002  2.6357200e+005
  2.5000000e+001  6.7286428e-002  2.3260400e+005
  3.0000000e+001  6.8923722e-002  2.3826400e+005
  3.5000000e+001  7.3463019e-002  2.5395600e+005
  4.0000000e+001  7.8109637e-002  2.7001900e+005
  4.5000000e+001  7.6648222e-002  2.6496700e+005
  5.0000000e+001  6.2701426e-002  2.1675400e+005
  5.5000000e+001  5.6175101e-002  1.9419300e+005
  6.0000000e+001  5.3146686e-002  1.8372400e+005
  6.5000000e+001  5.2547309e-002  1.8165200e+005
  7.0000000e+001  4.8161327e-002  1.6649000e+005
  7.5000000e+001  4.1180842e-002  1.4235900e+005
  8.0000000e+001  2.7890699e-002  9.6416000e+004
  8.5000000e+001  1.2218959e-002  4.2240000e+004
  9.0000000e+001  6.9648644e-003  2.4077000e+004
  9.5000000e+001  2.9127059e-003  1.0069000e+004
