  5.0000000e+000  1.1435879e-001  5.0151500e+005
  1.0000000e+001  1.2955198e-001  5.6814400e+005
  1.5000000e+001  1.2751776e-001  5.5922300e+005
  2.0000000e+001  1.0755676e-001  4.7168500e+005
  2.5000000e+001  9.1004530e-002  3.9909600e+005
  3.0000000e+001  8.0362754e-002  3.5242700e+005
  3.5000000e+001  7.0923590e-002  3.1103200e+005
  4.0000000e+001  6.9265836e-002  3.0376200e+005
  4.5000000e+001  5.8717551e-002  2.5750300e+005
  5.0000000e+001  4.2053134e-002  1.8442200e+005
  5.5000000e+001  2.7443921e-002  1.2035400e+005
  6.0000000e+001  1.7659981e-002  7.7447000e+004
  6.5000000e+001  2.2850780e-002  1.0021100e+005
  7.0000000e+001  1.6145200e-002  7.0804000e+004
  7.5000000e+001  1.3454257e-002  5.9003000e+004
  8.0000000e+001  6.5555386e-003  2.8749000e+004
  8.5000000e+001  2.8131650e-003  1.2337000e+004
  9.0000000e+001  1.3567587e-003  5.9500000e+003
  9.5000000e+001  4.0771168e-004  1.7880000e+003
