  5.0000000e+000  8.8167373e-002  3.8974730e+006
  1.0000000e+001  8.9930212e-002  3.9754000e+006
  1.5000000e+001  9.3985328e-002  4.1546580e+006
  2.0000000e+001  9.5628318e-002  4.2272870e+006
  2.5000000e+001  9.0246599e-002  3.9893860e+006
  3.0000000e+001  7.9754394e-002  3.5255740e+006
  3.5000000e+001  7.1438236e-002  3.1579550e+006
  4.0000000e+001  7.0620734e-002  3.1218170e+006
  4.5000000e+001  7.1377813e-002  3.1552840e+006
  5.0000000e+001  6.4160481e-002  2.8362390e+006
  5.5000000e+001  5.3650404e-002  2.3716370e+006
  6.0000000e+001  4.1219567e-002  1.8221270e+006
  6.5000000e+001  2.9922189e-002  1.3227220e+006
  7.0000000e+001  2.1991934e-002  9.7216200e+005
  7.5000000e+001  1.6468151e-002  7.2798100e+005
  8.0000000e+001  1.1332216e-002  5.0094500e+005
  8.5000000e+001  6.4975110e-003  2.8722500e+005
  9.0000000e+001  2.7300065e-003  1.2068100e+005
  9.5000000e+001  8.7853542e-004  3.8836000e+004
