  1.0000000e+000  9.7723548e-003  9.7723548e-003
  2.0000000e+000  4.1532508e-002  3.1760153e-002
  3.0000000e+000  1.1034617e-001  6.8813665e-002
  4.0000000e+000  2.2216838e-001  1.1182221e-001
  5.0000000e+000  3.6753724e-001  1.4536887e-001
  6.0000000e+000  5.2502018e-001  1.5748294e-001
  7.0000000e+000  6.7125434e-001  1.4623416e-001
  8.0000000e+000  7.9006959e-001  1.1881525e-001
  9.0000000e+000  8.7588061e-001  8.5811016e-002
  1.0000000e+001  9.3165777e-001  5.5777160e-002
  1.1000000e+001  1.0000000e+000  3.2959231e-002
