  5.0000000e+000  1.3827781e-001  4.1029560e+006
  1.0000000e+001  1.2906179e-001  3.8295000e+006
  1.5000000e+001  1.1686353e-001  3.4675550e+006
  2.0000000e+001  1.0294598e-001  3.0545960e+006
  2.5000000e+001  9.8977876e-002  2.9368550e+006
  3.0000000e+001  8.9207701e-002  2.6469560e+006
  3.5000000e+001  7.5735867e-002  2.2472220e+006
  4.0000000e+001  6.3922205e-002  1.8966890e+006
  4.5000000e+001  5.3023384e-002  1.5733010e+006
  5.0000000e+001  3.6083548e-002  1.0706650e+006
  5.5000000e+001  2.5642905e-002  7.6087200e+005
  6.0000000e+001  2.3609697e-002  7.0054300e+005
  6.5000000e+001  1.6037735e-002  4.7586900e+005
  7.0000000e+001  1.1338767e-002  3.3644200e+005
  7.5000000e+001  8.0625622e-003  2.3923100e+005
  8.0000000e+001  5.6536447e-003  1.6775400e+005
  8.5000000e+001  3.7461791e-003  1.1115600e+005
  9.0000000e+001  1.4112374e-003  4.1874000e+004
  9.5000000e+001  3.9758245e-004  1.1797000e+004
