  5.0000000e+000  1.7932657e-001  1.4403110e+006
  1.0000000e+001  1.5166283e-001  1.2181220e+006
  1.5000000e+001  1.2710413e-001  1.0208720e+006
  2.0000000e+001  1.0592587e-001  8.5077300e+005
  2.5000000e+001  9.0488817e-002  7.2678600e+005
  3.0000000e+001  7.6991306e-002  6.1837700e+005
  3.5000000e+001  6.4637875e-002  5.1915700e+005
  4.0000000e+001  5.0501278e-002  4.0561500e+005
  4.5000000e+001  3.8760414e-002  3.1131500e+005
  5.0000000e+001  3.0267773e-002  2.4310400e+005
  5.5000000e+001  2.3921854e-002  1.9213500e+005
  6.0000000e+001  1.9643100e-002  1.5776900e+005
  6.5000000e+001  1.5582230e-002  1.2515300e+005
  7.0000000e+001  1.1090821e-002  8.9079000e+004
  7.5000000e+001  7.2216895e-003  5.8003000e+004
  8.0000000e+001  4.1166482e-003  3.3064000e+004
  8.5000000e+001  1.9392969e-003  1.5576000e+004
  9.0000000e+001  6.5440064e-004  5.2560000e+003
  9.5000000e+001  1.6310214e-004  1.3100000e+003
