  5.0000000e+000  9.3853868e-002  5.6799000e+005
  1.0000000e+001  1.0567024e-001  6.3950100e+005
  1.5000000e+001  1.1588298e-001  7.0130700e+005
  2.0000000e+001  1.1142650e-001  6.7433700e+005
  2.5000000e+001  9.3822803e-002  5.6780200e+005
  3.0000000e+001  7.9913845e-002  4.8362700e+005
  3.5000000e+001  7.2302294e-002  4.3756300e+005
  4.0000000e+001  6.2647899e-002  3.7913600e+005
  4.5000000e+001  5.4414060e-002  3.2930600e+005
  5.0000000e+001  4.7439835e-002  2.8709900e+005
  5.5000000e+001  3.9486075e-002  2.3896400e+005
  6.0000000e+001  3.3246996e-002  2.0120600e+005
  6.5000000e+001  2.7395898e-002  1.6579600e+005
  7.0000000e+001  2.1906176e-002  1.3257300e+005
  7.5000000e+001  1.6517415e-002  9.9961000e+004
  8.0000000e+001  1.2009706e-002  7.2681000e+004
  8.5000000e+001  7.4768811e-003  4.5249000e+004
  9.0000000e+001  3.3705368e-003  2.0398000e+004
  9.5000000e+001  1.2159908e-003  7.3590000e+003
