  5.0000000e+000  7.1324630e-002  1.7350150e+006
  1.0000000e+001  7.5744664e-002  1.8425350e+006
  1.5000000e+001  8.0457927e-002  1.9571880e+006
  2.0000000e+001  8.5765996e-002  2.0863100e+006
  2.5000000e+001  7.9083984e-002  1.9237660e+006
  3.0000000e+001  7.2656272e-002  1.7674080e+006
  3.5000000e+001  6.5650034e-002  1.5969770e+006
  4.0000000e+001  8.2814703e-002  2.0145180e+006
  4.5000000e+001  8.9650174e-002  2.1807950e+006
  5.0000000e+001  6.8948369e-002  1.6772110e+006
  5.5000000e+001  5.9692773e-002  1.4520630e+006
  6.0000000e+001  3.5376999e-002  8.6056700e+005
  6.5000000e+001  4.4423350e-002  1.0806250e+006
  7.0000000e+001  3.6146640e-002  8.7928900e+005
  7.5000000e+001  2.7034062e-002  6.5762000e+005
  8.0000000e+001  1.5259351e-002  3.7119300e+005
  8.5000000e+001  7.0235038e-003  1.7085100e+005
  9.0000000e+001  2.4370203e-003  5.9282000e+004
  9.5000000e+001  5.0954533e-004  1.2395000e+004
