  5.0000000e+000  1.3206109e-001  1.7894720e+006
  1.0000000e+001  1.2824347e-001  1.7377420e+006
  1.5000000e+001  1.2710830e-001  1.7223600e+006
  2.0000000e+001  1.1919897e-001  1.6151860e+006
  2.5000000e+001  1.0148642e-001  1.3751750e+006
  3.0000000e+001  7.9959868e-002  1.0834830e+006
  3.5000000e+001  6.3810231e-002  8.6465000e+005
  4.0000000e+001  5.1245080e-002  6.9438800e+005
  4.5000000e+001  3.9508617e-002  5.3535500e+005
  5.0000000e+001  3.6827798e-002  4.9902900e+005
  5.5000000e+001  3.2801993e-002  4.4447800e+005
  6.0000000e+001  2.7748760e-002  3.7600500e+005
  6.5000000e+001  2.1550833e-002  2.9202100e+005
  7.0000000e+001  1.5784997e-002  2.1389200e+005
  7.5000000e+001  1.0178494e-002  1.3792200e+005
  8.0000000e+001  6.6646323e-003  9.0308000e+004
  8.5000000e+001  3.9303087e-003  5.3257000e+004
  9.0000000e+001  1.5048336e-003  2.0391000e+004
  9.5000000e+001  3.8530413e-004  5.2210000e+003
