  5.0000000e+000  1.6265643e-001  1.7735140e+006
  1.0000000e+001  1.5048715e-001  1.6408270e+006
  1.5000000e+001  1.3018951e-001  1.4195130e+006
  2.0000000e+001  1.0829219e-001  1.1807570e+006
  2.5000000e+001  9.0457815e-002  9.8630100e+005
  3.0000000e+001  7.0457698e-002  7.6823100e+005
  3.5000000e+001  5.4748155e-002  5.9694300e+005
  4.0000000e+001  4.9258050e-002  5.3708200e+005
  4.5000000e+001  4.3216836e-002  4.7121200e+005
  5.0000000e+001  3.6743922e-002  4.0063500e+005
  5.5000000e+001  2.9723199e-002  3.2408500e+005
  6.0000000e+001  2.2872331e-002  2.4938700e+005
  6.5000000e+001  1.6721151e-002  1.8231800e+005
  7.0000000e+001  1.3500882e-002  1.4720600e+005
  7.5000000e+001  1.0449275e-002  1.1393300e+005
  8.0000000e+001  6.1732834e-003  6.7310000e+004
  8.5000000e+001  2.7915054e-003  3.0437000e+004
  9.0000000e+001  9.8785374e-004  1.0771000e+004
  9.5000000e+001  2.7275806e-004  2.9740000e+003
