  5.0000000e+000  1.7828849e-001  1.0821742e+007
  1.0000000e+001  1.5458455e-001  9.3829620e+006
  1.5000000e+001  1.3397693e-001  8.1321220e+006
  2.0000000e+001  1.0931208e-001  6.6350170e+006
  2.5000000e+001  8.9493498e-002  5.4320700e+006
  3.0000000e+001  7.2906969e-002  4.4253020e+006
  3.5000000e+001  5.8904810e-002  3.5754000e+006
  4.0000000e+001  4.8297233e-002  2.9315420e+006
  4.5000000e+001  3.8061694e-002  2.3102660e+006
  5.0000000e+001  3.0662743e-002  1.8611650e+006
  5.5000000e+001  2.4853665e-002  1.5085660e+006
  6.0000000e+001  2.0212914e-002  1.2268820e+006
  6.5000000e+001  1.5505521e-002  9.4115300e+005
  7.0000000e+001  1.0948891e-002  6.6457500e+005
  7.5000000e+001  7.3358516e-003  4.4527100e+005
  8.0000000e+001  4.1542604e-003  2.5215500e+005
  8.5000000e+001  1.8433743e-003  1.1188900e+005
  9.0000000e+001  5.5183102e-004  3.3495000e+004
  9.5000000e+001  1.0469879e-004  6.3550000e+003
