  5.0000000e+000  0.0000000e+000  5.9443141e-003  5.2001380e-002  6.4655223e-002  8.5903592e-002  1.0789659e-001  1.4679426e-001
  1.0000000e+001  0.0000000e+000  1.4581090e-002  9.3112740e-002  1.5732143e-001  2.0252601e-001  2.3025853e-001  2.8590818e-001
  1.5000000e+001  0.0000000e+000  2.5867990e-002  1.4050532e-001  2.5923318e-001  3.1890692e-001  3.4114482e-001  4.0522746e-001
  2.0000000e+001  1.0238856e-002  4.4675587e-002  2.0040219e-001  3.5149905e-001  4.1035208e-001  4.2697055e-001  5.0373413e-001
  2.5000000e+001  5.7686739e-002  9.5840466e-002  2.9271851e-001  4.3973912e-001  4.9222664e-001  5.0811077e-001  5.9642998e-001
  3.0000000e+001  1.1319029e-001  1.6196207e-001  3.9716912e-001  5.1546968e-001  5.6454030e-001  5.8647965e-001  6.7731821e-001
  3.5000000e+001  1.5524699e-001  2.0301242e-001  4.7907214e-001  6.0642816e-001  6.4392834e-001  6.6048128e-001  7.3975275e-001
  4.0000000e+001  1.8746762e-001  2.3339382e-001  5.4016471e-001  6.9591125e-001  7.2392280e-001  7.2663812e-001  7.9231444e-001
  4.5000000e+001  2.3057870e-001  2.7851935e-001  6.1966099e-001  7.9206004e-001  8.0253077e-001  7.9037904e-001  8.4460533e-001
  5.0000000e+001  2.9459577e-001  3.5615485e-001  7.2577484e-001  8.8047124e-001  8.6914861e-001  8.4591047e-001  8.9164331e-001
  5.5000000e+001  3.6693159e-001  4.5623489e-001  8.1657006e-001  9.2976746e-001  9.0827719e-001  8.8587544e-001  9.2572195e-001
  6.0000000e+001  4.5177306e-001  5.7327950e-001  8.8173656e-001  9.5504474e-001  9.3245578e-001  9.1571443e-001  9.4827356e-001
  6.5000000e+001  5.5189278e-001  6.9354444e-001  9.2294851e-001  9.6873015e-001  9.5008973e-001  9.3995730e-001  9.6449231e-001
  7.0000000e+001  6.6999396e-001  8.0739576e-001  9.5048189e-001  9.7793292e-001  9.6504589e-001  9.6071103e-001  9.7628362e-001
  7.5000000e+001  8.0465414e-001  9.0142023e-001  9.6983858e-001  9.8576431e-001  9.7835641e-001  9.7729495e-001  9.8558550e-001
  8.0000000e+001  9.2917335e-001  9.6265279e-001  9.8424796e-001  9.9280640e-001  9.8992346e-001  9.8965102e-001  9.9300156e-001
  8.5000000e+001  9.8929514e-001  9.8587111e-001  9.9187228e-001  9.9655706e-001  9.9550469e-001  9.9532611e-001  9.9660356e-001
  9.0000000e+001  9.9868050e-001  9.9676751e-001  9.9762563e-001  9.9904507e-001  9.9883651e-001  9.9872932e-001  9.9906688e-001
  9.5000000e+001  1.0000000e+000  1.0000000e+000  1.0000000e+000  1.0000000e+000  1.0000000e+000  1.0000000e+000  1.0000000e+000
