  5.0000000e+000  4.8920517e-002  4.8619900e+005
  1.0000000e+001  5.8083624e-002  5.7726700e+005
  1.5000000e+001  6.1376760e-002  6.0999600e+005
  2.0000000e+001  5.9696032e-002  5.9329200e+005
  2.5000000e+001  7.5691122e-002  7.5226000e+005
  3.0000000e+001  7.7836505e-002  7.7358200e+005
  3.5000000e+001  6.9674449e-002  6.9246300e+005
  4.0000000e+001  6.0579461e-002  6.0207200e+005
  4.5000000e+001  7.0619457e-002  7.0185500e+005
  5.0000000e+001  8.2198912e-002  8.1693800e+005
  5.5000000e+001  7.0270311e-002  6.9838500e+005
  6.0000000e+001  6.0739846e-002  6.0366600e+005
  6.5000000e+001  5.3299324e-002  5.2971800e+005
  7.0000000e+001  4.8751377e-002  4.8451800e+005
  7.5000000e+001  4.3278044e-002  4.3012100e+005
  8.0000000e+001  3.3170835e-002  3.2967000e+005
  8.5000000e+001  1.4829024e-002  1.4737900e+005
  9.0000000e+001  8.3284785e-003  8.2773000e+004
  9.5000000e+001  2.6559206e-003  2.6396000e+004
