  5.0000000e+000  4.7571880e-002  2.1604070e+006
  1.0000000e+001  4.3496773e-002  1.9753420e+006
  1.5000000e+001  4.6420109e-002  2.1081010e+006
  2.0000000e+001  6.0682070e-002  2.7557870e+006
  2.5000000e+001  7.9223659e-002  3.5978260e+006
  3.0000000e+001  8.1230748e-002  3.6889750e+006
  3.5000000e+001  7.4207488e-002  3.3700240e+006
  4.0000000e+001  7.1436002e-002  3.2441610e+006
  4.5000000e+001  6.6710097e-002  3.0295410e+006
  5.0000000e+001  7.4706811e-002  3.3927000e+006
  5.5000000e+001  7.6534548e-002  3.4757040e+006
  6.0000000e+001  6.7343146e-002  3.0582900e+006
  6.5000000e+001  5.5351037e-002  2.5136860e+006
  7.0000000e+001  3.9577302e-002  1.7973450e+006
  7.5000000e+001  5.4092910e-002  2.4565500e+006
  8.0000000e+001  2.6792874e-002  1.2167590e+006
  8.5000000e+001  2.3320913e-002  1.0590850e+006
  9.0000000e+001  8.9831158e-003  4.0795500e+005
  9.5000000e+001  2.3185161e-003  1.0529200e+005
