  5.0000000e+000  9.3730711e-002  7.0155000e+004
  1.0000000e+001  1.1247418e-001  8.4184000e+004
  1.5000000e+001  1.2046110e-001  9.0162000e+004
  2.0000000e+001  1.1007597e-001  8.2389000e+004
  2.5000000e+001  8.8027106e-002  6.5886000e+004
  3.0000000e+001  7.3835564e-002  5.5264000e+004
  3.5000000e+001  6.7493326e-002  5.0517000e+004
  4.0000000e+001  6.4127812e-002  4.7998000e+004
  4.5000000e+001  6.0321401e-002  4.5149000e+004
  5.0000000e+001  5.3396644e-002  3.9966000e+004
  5.5000000e+001  4.5174582e-002  3.3812000e+004
  6.0000000e+001  3.8936556e-002  2.9143000e+004
  6.5000000e+001  2.4977488e-002  1.8695000e+004
  7.0000000e+001  1.7585113e-002  1.3162000e+004
  7.5000000e+001  1.2504108e-002  9.3590000e+003
  8.0000000e+001  8.5346986e-003  6.3880000e+003
  8.5000000e+001  5.2319787e-003  3.9160000e+003
  9.0000000e+001  2.3140416e-003  1.7320000e+003
  9.5000000e+001  7.9762290e-004  5.9700000e+002
