  5.0000000e+000  1.7552947e-001  2.6932119e+007
  1.0000000e+001  1.4538539e-001  2.2307003e+007
  1.5000000e+001  1.2014632e-001  1.8434483e+007
  2.0000000e+001  1.0367053e-001  1.5906542e+007
  2.5000000e+001  8.9905927e-002  1.3794590e+007
  3.0000000e+001  7.8715165e-002  1.2077551e+007
  3.5000000e+001  6.5160858e-002  9.9978650e+006
  4.0000000e+001  5.1827814e-002  7.9521280e+006
  4.5000000e+001  4.1664206e-002  6.3926890e+006
  5.0000000e+001  3.3301337e-002  5.1095440e+006
  5.5000000e+001  2.6331410e-002  4.0401230e+006
  6.0000000e+001  2.1682572e-002  3.3268350e+006
  6.5000000e+001  1.7668483e-002  2.7109390e+006
  7.0000000e+001  1.2839900e-002  1.9700720e+006
  7.5000000e+001  8.4485667e-003  1.2962940e+006
  8.0000000e+001  4.8276714e-003  7.4072700e+005
  8.5000000e+001  2.1353406e-003  3.2763300e+005
  9.0000000e+001  6.3297088e-004  9.7119000e+004
  9.5000000e+001  1.2606756e-004  1.9343000e+004
