  5.0000000e+000  1.8143076e-001  6.5387700e+005
  1.0000000e+001  1.5345159e-001  5.5304000e+005
  1.5000000e+001  1.2982620e-001  4.6789400e+005
  2.0000000e+001  1.0843665e-001  3.9080600e+005
  2.5000000e+001  8.8176397e-002  3.1778800e+005
  3.0000000e+001  7.2346777e-002  2.6073800e+005
  3.5000000e+001  6.0687519e-002  2.1871800e+005
  4.0000000e+001  4.9319604e-002  1.7774800e+005
  4.5000000e+001  3.8911732e-002  1.4023800e+005
  5.0000000e+001  3.1239985e-002  1.1258900e+005
  5.5000000e+001  2.3390103e-002  8.4298000e+004
  6.0000000e+001  1.8574624e-002  6.6943000e+004
  6.5000000e+001  1.4178124e-002  5.1098000e+004
  7.0000000e+001  1.2285228e-002  4.4276000e+004
  7.5000000e+001  8.8290715e-003  3.1820000e+004
  8.0000000e+001  5.3010500e-003  1.9105000e+004
  8.5000000e+001  2.5865683e-003  9.3220000e+003
  9.0000000e+001  8.4239664e-004  3.0360000e+003
  9.5000000e+001  1.8562693e-004  6.6900000e+002
