  5.0000000e+000  0.0000000e+000  2.4545127e-002  7.5269608e-002  1.0855725e-001  1.0859240e-001  1.2123968e-001  1.4450064e-001
  1.0000000e+001  0.0000000e+000  4.0988482e-002  1.2301906e-001  2.3154770e-001  2.7400100e-001  2.9496615e-001  3.3216421e-001
  1.5000000e+001  0.0000000e+000  5.5479551e-002  1.8004605e-001  3.4297314e-001  4.3024894e-001  4.6015038e-001  5.0703393e-001
  2.0000000e+001  1.4236092e-002  7.6695863e-002  2.6888005e-001  4.4336558e-001  5.3951295e-001  5.7214306e-001  6.2710577e-001
  2.5000000e+001  9.5831230e-002  1.2892477e-001  3.4199877e-001  4.8893265e-001  5.7439623e-001  6.0558457e-001  6.6181109e-001
  3.0000000e+001  1.7564127e-001  1.9015659e-001  4.1170185e-001  5.3084037e-001  6.0056013e-001  6.3376319e-001  6.8803580e-001
  3.5000000e+001  2.4472865e-001  2.2668694e-001  4.8848786e-001  6.1443595e-001  6.6505828e-001  6.9190504e-001  7.4221202e-001
  4.0000000e+001  3.0884118e-001  2.5949758e-001  5.5928292e-001  7.2221579e-001  7.7470939e-001  7.8914913e-001  8.2131592e-001
  4.5000000e+001  3.7198025e-001  2.9988495e-001  6.3750854e-001  8.2779688e-001  8.8082049e-001  8.7911270e-001  8.8849321e-001
  5.0000000e+001  4.4511490e-001  3.6902733e-001  7.4328312e-001  9.1252226e-001  9.4403154e-001  9.2887143e-001  9.3085029e-001
  5.5000000e+001  5.3643869e-001  4.7254493e-001  8.5436295e-001  9.6225026e-001  9.7213674e-001  9.5367408e-001  9.5548631e-001
  6.0000000e+001  6.1174734e-001  5.8917285e-001  9.1252990e-001  9.7932000e-001  9.8166127e-001  9.6551273e-001  9.6750501e-001
  6.5000000e+001  6.8374426e-001  7.0876827e-001  9.4380266e-001  9.8649145e-001  9.8645353e-001  9.7421980e-001  9.7594726e-001
  7.0000000e+001  7.5825819e-001  8.1988901e-001  9.6445637e-001  9.9084870e-001  9.9007676e-001  9.8202320e-001  9.8381390e-001
  7.5000000e+001  8.4426051e-001  9.1028679e-001  9.8066007e-001  9.9432547e-001  9.9357999e-001  9.8953674e-001  9.9102051e-001
  8.0000000e+001  9.2805622e-001  9.6908142e-001  9.9104345e-001  9.9688740e-001  9.9640193e-001  9.9487920e-001  9.9561003e-001
  8.5000000e+001  9.8794878e-001  9.8919165e-001  9.9620048e-001  9.9857081e-001  9.9845161e-001  9.9803920e-001  9.9825015e-001
  9.0000000e+001  9.9862072e-001  9.9772656e-001  9.9898267e-001  9.9964565e-001  9.9961871e-001  9.9956237e-001  9.9945509e-001
  9.5000000e+001  1.0000000e+000  1.0000000e+000  1.0000000e+000  1.0000000e+000  1.0000000e+000  1.0000000e+000  1.0000000e+000
