  5.0000000e+000  5.6933491e-002  2.8918900e+005
  1.0000000e+001  6.3716158e-002  3.2364100e+005
  1.5000000e+001  6.2117156e-002  3.1551900e+005
  2.0000000e+001  6.4669811e-002  3.2848500e+005
  2.5000000e+001  6.3071005e-002  3.2036400e+005
  3.0000000e+001  5.8972307e-002  2.9954500e+005
  3.5000000e+001  6.6904712e-002  3.3983700e+005
  4.0000000e+001  7.3177675e-002  3.7170000e+005
  4.5000000e+001  7.4090181e-002  3.7633500e+005
  5.0000000e+001  7.7526795e-002  3.9379100e+005
  5.5000000e+001  8.3228827e-002  4.2275400e+005
  6.0000000e+001  6.0358884e-002  3.0658800e+005
  6.5000000e+001  5.0078769e-002  2.5437100e+005
  7.0000000e+001  4.3882783e-002  2.2289900e+005
  7.5000000e+001  4.0807037e-002  2.0727600e+005
  8.0000000e+001  3.0880900e-002  1.5685700e+005
  8.5000000e+001  1.7821136e-002  9.0521000e+004
  9.0000000e+001  9.0933646e-003  4.6189000e+004
  9.5000000e+001  2.6690066e-003  1.3557000e+004
