  5.0000000e+000  9.3884359e-002  2.9692930e+006
  1.0000000e+001  9.3913447e-002  2.9702130e+006
  1.5000000e+001  9.4617432e-002  2.9924780e+006
  2.0000000e+001  9.3478757e-002  2.9564650e+006
  2.5000000e+001  9.6583181e-002  3.0546490e+006
  3.0000000e+001  9.1354663e-002  2.8892860e+006
  3.5000000e+001  8.0095122e-002  2.5331790e+006
  4.0000000e+001  7.1100029e-002  2.2486900e+006
  4.5000000e+001  6.2027976e-002  1.9617670e+006
  5.0000000e+001  5.4496500e-002  1.7235680e+006
  5.5000000e+001  4.8245001e-002  1.5258510e+006
  6.0000000e+001  3.5794172e-002  1.1320670e+006
  6.5000000e+001  2.4054473e-002  7.6077400e+005
  7.0000000e+001  1.9520455e-002  6.1737600e+005
  7.5000000e+001  1.7191473e-002  5.4371700e+005
  8.0000000e+001  1.2082126e-002  3.8212300e+005
  8.5000000e+001  7.1957521e-003  2.2758100e+005
  9.0000000e+001  3.2032307e-003  1.0130900e+005
  9.5000000e+001  1.1618505e-003  3.6746000e+004
