  5.0000000e+000  7.4516274e-002  3.0739200e+005
  1.0000000e+001  7.6816060e-002  3.1687900e+005
  1.5000000e+001  8.3057506e-002  3.4262600e+005
  2.0000000e+001  9.2305861e-002  3.8077700e+005
  2.5000000e+001  9.5407797e-002  3.9357300e+005
  3.0000000e+001  8.9305497e-002  3.6840000e+005
  3.5000000e+001  7.9824909e-002  3.2929100e+005
  4.0000000e+001  7.0806848e-002  2.9209000e+005
  4.5000000e+001  6.3057584e-002  2.6012300e+005
  5.0000000e+001  5.7352843e-002  2.3659000e+005
  5.5000000e+001  5.0247432e-002  2.0727900e+005
  6.0000000e+001  4.4036288e-002  1.8165700e+005
  6.5000000e+001  3.4902353e-002  1.4397800e+005
  7.0000000e+001  3.0708825e-002  1.2667900e+005
  7.5000000e+001  2.6138827e-002  1.0782700e+005
  8.0000000e+001  1.7441238e-002  7.1948000e+004
  8.5000000e+001  9.2958683e-003  3.8347000e+004
  9.0000000e+001  3.7387586e-003  1.5423000e+004
  9.5000000e+001  1.0392309e-003  4.2870000e+003
