  5.0000000e+000  8.0535452e-002  3.6370100e+005
  1.0000000e+001  8.1479643e-002  3.6796500e+005
  1.5000000e+001  8.8363999e-002  3.9905500e+005
  2.0000000e+001  9.3191020e-002  4.2085400e+005
  2.5000000e+001  9.6026471e-002  4.3365900e+005
  3.0000000e+001  8.9126615e-002  4.0249900e+005
  3.5000000e+001  7.8120724e-002  3.5279600e+005
  4.0000000e+001  7.1723520e-002  3.2390600e+005
  4.5000000e+001  7.0161974e-002  3.1685400e+005
  5.0000000e+001  6.4380798e-002  2.9074600e+005
  5.5000000e+001  5.3316005e-002  2.4077700e+005
  6.0000000e+001  4.0862163e-002  1.8453500e+005
  6.5000000e+001  3.0945059e-002  1.3974900e+005
  7.0000000e+001  2.2768862e-002  1.0282500e+005
  7.5000000e+001  1.6291057e-002  7.3571000e+004
  8.0000000e+001  1.1545745e-002  5.2141000e+004
  8.5000000e+001  6.9944084e-003  3.1587000e+004
  9.0000000e+001  3.0575487e-003  1.3808000e+004
  9.5000000e+001  1.1089371e-003  5.0080000e+003
