  5.0000000e+000  4.4414281e-002  1.0222140e+006
  1.0000000e+001  5.2043596e-002  1.1978060e+006
  1.5000000e+001  6.5374867e-002  1.5046310e+006
  2.0000000e+001  6.9368144e-002  1.5965380e+006
  2.5000000e+001  6.9357368e-002  1.5962900e+006
  3.0000000e+001  8.2828763e-002  1.9063400e+006
  3.5000000e+001  8.5627232e-002  1.9707480e+006
  4.0000000e+001  7.6750363e-002  1.7664430e+006
  4.5000000e+001  8.0490201e-002  1.8525170e+006
  5.0000000e+001  8.2106552e-002  1.8897180e+006
  5.5000000e+001  7.6065866e-002  1.7506890e+006
  6.0000000e+001  6.5977984e-002  1.5185120e+006
  6.5000000e+001  4.1949674e-002  9.6549000e+005
  7.0000000e+001  3.2845958e-002  7.5596400e+005
  7.5000000e+001  2.7907359e-002  6.4230000e+005
  8.0000000e+001  2.1688923e-002  4.9918000e+005
  8.5000000e+001  1.5576590e-002  3.5850200e+005
  9.0000000e+001  7.4400940e-003  1.7123700e+005
  9.5000000e+001  2.1861851e-003  5.0316000e+004
