  5.0000000e+000  0.0000000e+000  1.2481132e-002  5.5855128e-002  5.8177370e-002  6.3681615e-002  7.6037876e-002  9.5174019e-002
  1.0000000e+001  0.0000000e+000  2.3536499e-002  9.9045487e-002  1.3989363e-001  1.5678910e-001  1.7686554e-001  2.0996635e-001
  1.5000000e+001  0.0000000e+000  3.6475168e-002  1.4486886e-001  2.4105568e-001  2.7868807e-001  2.9953259e-001  3.4061633e-001
  2.0000000e+001  1.0630247e-002  5.9731362e-002  2.1453515e-001  3.5572760e-001  4.0762447e-001  4.2439657e-001  4.6985107e-001
  2.5000000e+001  7.0140509e-002  1.0771572e-001  3.0359462e-001  4.4325813e-001  4.9894837e-001  5.1487044e-001  5.6653133e-001
  3.0000000e+001  1.5315831e-001  1.7319941e-001  4.1078957e-001  5.1367681e-001  5.5891282e-001  5.7663715e-001  6.3277264e-001
  3.5000000e+001  2.1382640e-001  2.1263064e-001  4.9237416e-001  5.9217872e-001  6.1831715e-001  6.3206701e-001  6.8278558e-001
  4.0000000e+001  2.6576052e-001  2.4541013e-001  5.5477590e-001  6.7878600e-001  6.9468415e-001  6.9788924e-001  7.3611288e-001
  4.5000000e+001  3.2655277e-001  2.9017153e-001  6.2794215e-001  7.7954160e-001  7.8690556e-001  7.7531792e-001  7.9797000e-001
  5.0000000e+001  4.0103621e-001  3.6217901e-001  7.2500911e-001  8.7201432e-001  8.6571045e-001  8.4109326e-001  8.5216258e-001
  5.5000000e+001  4.8368338e-001  4.6927514e-001  8.2293811e-001  9.3048616e-001  9.1458073e-001  8.8580504e-001  8.9183046e-001
  6.0000000e+001  5.5159640e-001  5.6844064e-001  8.7922144e-001  9.5468116e-001  9.3695112e-001  9.1040186e-001  9.1409013e-001
  6.5000000e+001  6.3201670e-001  6.8058907e-001  9.1971030e-001  9.6948735e-001  9.5363116e-001  9.3273575e-001  9.3402060e-001
  7.0000000e+001  7.2914878e-001  7.9774957e-001  9.5095684e-001  9.8001205e-001  9.6803215e-001  9.5447343e-001  9.5372398e-001
  7.5000000e+001  8.3838213e-001  8.9919839e-001  9.7393632e-001  9.8801053e-001  9.8080746e-001  9.7406360e-001  9.7255969e-001
  8.0000000e+001  9.3594225e-001  9.6179453e-001  9.8810908e-001  9.9393118e-001  9.9078044e-001  9.8818545e-001  9.8691071e-001
  8.5000000e+001  9.8854717e-001  9.8706489e-001  9.9478887e-001  9.9728850e-001  9.9622038e-001  9.9533925e-001  9.9464211e-001
  9.0000000e+001  9.9845261e-001  9.9664893e-001  9.9829914e-001  9.9917523e-001  9.9893224e-001  9.9867557e-001  9.9838614e-001
  9.5000000e+001  1.0000000e+000  1.0000000e+000  1.0000000e+000  1.0000000e+000  1.0000000e+000  1.0000000e+000  1.0000000e+000
