  5.0000000e+000  4.9825516e-002  1.8830080e+006
  1.0000000e+001  6.0194233e-002  2.2748630e+006
  1.5000000e+001  7.2799295e-002  2.7512340e+006
  2.0000000e+001  8.4671318e-002  3.1999020e+006
  2.5000000e+001  8.0180267e-002  3.0301760e+006
  3.0000000e+001  7.5869729e-002  2.8672720e+006
  3.5000000e+001  6.4730453e-002  2.4462960e+006
  4.0000000e+001  6.4339312e-002  2.4315140e+006
  4.5000000e+001  7.6623010e-002  2.8957400e+006
  5.0000000e+001  8.1883932e-002  3.0945610e+006
  5.5000000e+001  7.3040324e-002  2.7603430e+006
  6.0000000e+001  4.6546731e-002  1.7590960e+006
  6.5000000e+001  4.2884796e-002  1.6207040e+006
  7.0000000e+001  4.1708093e-002  1.5762340e+006
  7.5000000e+001  3.7333442e-002  1.4109070e+006
  8.0000000e+001  2.6488010e-002  1.0010360e+006
  8.5000000e+001  1.2707331e-002  4.8023600e+005
  9.0000000e+001  5.8544600e-003  2.2125200e+005
  9.5000000e+001  2.3197476e-003  8.7668000e+004
