  5.0000000e+000  4.6305139e-002  2.6178330e+006
  1.0000000e+001  4.7369393e-002  2.6780000e+006
  1.5000000e+001  4.9585920e-002  2.8033100e+006
  2.0000000e+001  5.2345037e-002  2.9592950e+006
  2.5000000e+001  6.0249836e-002  3.4061880e+006
  3.0000000e+001  7.4585321e-002  4.2166360e+006
  3.5000000e+001  7.9974783e-002  4.5213260e+006
  4.0000000e+001  8.1473871e-002  4.6060760e+006
  4.5000000e+001  7.1672050e-002  4.0519360e+006
  5.0000000e+001  6.5935259e-002  3.7276100e+006
  5.5000000e+001  6.7837535e-002  3.8351540e+006
  6.0000000e+001  5.8506419e-002  3.3076250e+006
  6.5000000e+001  6.0856422e-002  3.4404810e+006
  7.0000000e+001  5.4027623e-002  3.0544190e+006
  7.5000000e+001  4.9055500e-002  2.7733230e+006
  8.0000000e+001  3.9732184e-002  2.2462350e+006
  8.5000000e+001  2.1182291e-002  1.1975280e+006
  9.0000000e+001  1.4027867e-002  7.9305700e+005
  9.5000000e+001  5.2775483e-003  2.9836300e+005
