  5.0000000e+000  0.0000000e+000  3.9578614e-003  7.0579741e-002  6.8286143e-002  6.7749935e-002  7.3106641e-002  8.9384067e-002
  1.0000000e+001  0.0000000e+000  9.7201058e-003  1.1548815e-001  1.5209383e-001  1.4842904e-001  1.5403341e-001  1.8231751e-001
  1.5000000e+001  0.0000000e+000  1.7119670e-002  1.5518170e-001  2.4199569e-001  2.4567288e-001  2.5327161e-001  2.9382974e-001
  2.0000000e+001  8.8498354e-003  3.1937145e-002  2.0854496e-001  3.3927878e-001  3.5751466e-001  3.6945848e-001  4.2282772e-001
  2.5000000e+001  5.5283790e-002  7.9626067e-002  2.8779484e-001  4.2568563e-001  4.5499904e-001  4.7053978e-001  5.3566072e-001
  3.0000000e+001  1.2270945e-001  1.6211877e-001  3.9191122e-001  4.8861196e-001  5.2016845e-001  5.3932123e-001  6.1554437e-001
  3.5000000e+001  1.7775361e-001  2.1485195e-001  4.9544204e-001  5.6430926e-001  5.7922612e-001  5.9711364e-001  6.7418037e-001
  4.0000000e+001  2.2463212e-001  2.4938438e-001  5.7948675e-001  6.6710218e-001  6.5892007e-001  6.6600593e-001  7.3235789e-001
  4.5000000e+001  2.6917216e-001  2.8208972e-001  6.5265486e-001  7.6593371e-001  7.4267583e-001  7.3650659e-001  7.8847684e-001
  5.0000000e+001  3.1510372e-001  3.2542002e-001  7.2704201e-001  8.4774851e-001  8.1461492e-001  7.9833730e-001  8.3832290e-001
  5.5000000e+001  3.6720620e-001  3.9421545e-001  8.0232873e-001  9.0567733e-001  8.6650672e-001  8.4398222e-001  8.7619400e-001
  6.0000000e+001  4.2911538e-001  4.9102782e-001  8.6478324e-001  9.3882571e-001  9.0007482e-001  8.7762745e-001  9.0598262e-001
  6.5000000e+001  5.1348546e-001  6.1506768e-001  9.1234536e-001  9.5902560e-001  9.2514963e-001  9.0707789e-001  9.3128366e-001
  7.0000000e+001  6.2993475e-001  7.5142101e-001  9.4716966e-001  9.7288942e-001  9.4676930e-001  9.3491344e-001  9.5268313e-001
  7.5000000e+001  7.6672958e-001  8.6585810e-001  9.6945759e-001  9.8243651e-001  9.6519381e-001  9.5901499e-001  9.6956163e-001
  8.0000000e+001  9.0026707e-001  9.4468216e-001  9.8363228e-001  9.8985603e-001  9.8098209e-001  9.7859138e-001  9.8298791e-001
  8.5000000e+001  9.8624185e-001  9.8119328e-001  9.9197424e-001  9.9519148e-001  9.9180563e-001  9.9114313e-001  9.9240635e-001
  9.0000000e+001  9.9835729e-001  9.9607594e-001  9.9754885e-001  9.9870111e-001  9.9799076e-001  9.9785262e-001  9.9804466e-001
  9.5000000e+001  1.0000000e+000  1.0000000e+000  1.0000000e+000  1.0000000e+000  1.0000000e+000  1.0000000e+000  1.0000000e+000
