  5.0000000e+000  5.2537801e-002  5.3850500e+005
  1.0000000e+001  5.2245699e-002  5.3551100e+005
  1.5000000e+001  5.6137070e-002  5.7539700e+005
  2.0000000e+001  6.6819657e-002  6.8489200e+005
  2.5000000e+001  7.6814430e-002  7.8733700e+005
  3.0000000e+001  7.9113194e-002  8.1089900e+005
  3.5000000e+001  7.3941415e-002  7.5788900e+005
  4.0000000e+001  7.4900452e-002  7.6771900e+005
  4.5000000e+001  7.0813859e-002  7.2583200e+005
  5.0000000e+001  6.6705997e-002  6.8372700e+005
  5.5000000e+001  6.2438816e-002  6.3998900e+005
  6.0000000e+001  5.5463890e-002  5.6849700e+005
  6.5000000e+001  5.3389910e-002  5.4723900e+005
  7.0000000e+001  5.1993306e-002  5.3292400e+005
  7.5000000e+001  4.3521481e-002  4.4608900e+005
  8.0000000e+001  3.2751576e-002  3.3569900e+005
  8.5000000e+001  1.8250497e-002  1.8706500e+005
  9.0000000e+001  9.2491037e-003  9.4802000e+004
  9.5000000e+001  2.9118452e-003  2.9846000e+004
