  5.0000000e+000  1.4151421e-001  1.0179280e+006
  1.0000000e+001  1.3654502e-001  9.8218400e+005
  1.5000000e+001  1.2599103e-001  9.0626800e+005
  2.0000000e+001  1.1335576e-001  8.1538100e+005
  2.5000000e+001  9.8234631e-002  7.0661300e+005
  3.0000000e+001  8.0181813e-002  5.7675700e+005
  3.5000000e+001  6.6039539e-002  4.7503000e+005
  4.0000000e+001  5.5523650e-002  3.9938800e+005
  4.5000000e+001  4.5912793e-002  3.3025600e+005
  5.0000000e+001  3.6395776e-002  2.6179900e+005
  5.5000000e+001  2.7987875e-002  2.0132000e+005
  6.0000000e+001  2.1565483e-002  1.5512300e+005
  6.5000000e+001  1.6880587e-002  1.2142400e+005
  7.0000000e+001  1.2987975e-002  9.3424000e+004
  7.5000000e+001  9.6215617e-003  6.9209000e+004
  8.0000000e+001  6.3794337e-003  4.5888000e+004
  8.5000000e+001  3.2540839e-003  2.3407000e+004
  9.0000000e+001  1.2491111e-003  8.9850000e+003
  9.5000000e+001  3.7966861e-004  2.7310000e+003
