  1.0000000e+000  1.4872513e-002  1.4872513e-002
  2.0000000e+000  5.9490052e-002  4.4617539e-002
  3.0000000e+000  1.4872513e-001  8.9235078e-002
  4.0000000e+000  2.8257775e-001  1.3385262e-001
  5.0000000e+000  4.4320089e-001  1.6062314e-001
  6.0000000e+000  6.0382403e-001  1.6062314e-001
  7.0000000e+000  7.4150101e-001  1.3767698e-001
  8.0000000e+000  8.4475874e-001  1.0325773e-001
  9.0000000e+000  9.1359723e-001  6.8838489e-002
  1.0000000e+001  9.5490032e-001  4.1303093e-002
  1.1000000e+001  1.0000000e+000  2.2528960e-002
