  5.0000000e+000  1.2263913e-001  9.1826000e+005
  1.0000000e+001  1.1048380e-001  8.2724700e+005
  1.5000000e+001  1.0818436e-001  8.1003000e+005
  2.0000000e+001  1.0940667e-001  8.1918200e+005
  2.5000000e+001  1.1137729e-001  8.3393700e+005
  3.0000000e+001  9.1125124e-002  6.8229900e+005
  3.5000000e+001  7.3351759e-002  5.4922100e+005
  4.0000000e+001  6.3574925e-002  4.7601700e+005
  4.5000000e+001  5.3355755e-002  3.9950100e+005
  5.0000000e+001  4.7882496e-002  3.5852000e+005
  5.5000000e+001  3.5726897e-002  2.6750500e+005
  6.0000000e+001  2.4508327e-002  1.8350600e+005
  6.5000000e+001  1.3524949e-002  1.0126800e+005
  7.0000000e+001  1.1060574e-002  8.2816000e+004
  7.5000000e+001  1.1091291e-002  8.3046000e+004
  8.0000000e+001  7.6937604e-003  5.7607000e+004
  8.5000000e+001  3.8242424e-003  2.8634000e+004
  9.0000000e+001  1.0359939e-003  7.7570000e+003
  9.5000000e+001  1.5265451e-004  1.1430000e+003
