  5.0000000e+000  1.1270415e-001  2.2869700e+005
  1.0000000e+001  1.1381149e-001  2.3094400e+005
  1.5000000e+001  1.1655644e-001  2.3651400e+005
  2.0000000e+001  1.1354389e-001  2.3040100e+005
  2.5000000e+001  1.0862171e-001  2.2041300e+005
  3.0000000e+001  1.0450773e-001  2.1206500e+005
  3.5000000e+001  8.1309692e-002  1.6499200e+005
  4.0000000e+001  5.7255147e-002  1.1618100e+005
  4.5000000e+001  4.4333672e-002  8.9961000e+004
  5.0000000e+001  3.7721641e-002  7.6544000e+004
  5.5000000e+001  3.0743946e-002  6.2385000e+004
  6.0000000e+001  2.3668181e-002  4.8027000e+004
  6.5000000e+001  1.6502725e-002  3.3487000e+004
  7.0000000e+001  1.2810101e-002  2.5994000e+004
  7.5000000e+001  1.0194758e-002  2.0687000e+004
  8.0000000e+001  7.3458244e-003  1.4906000e+004
  8.5000000e+001  4.7452666e-003  9.6290000e+003
  9.0000000e+001  2.4886900e-003  5.0500000e+003
  9.5000000e+001  1.1349412e-003  2.3030000e+003
