  1.0000000e+000  2.6588165e-002  2.6588165e-002
  2.0000000e+000  9.7046802e-002  7.0458637e-002
  3.0000000e+000  2.2152373e-001  1.2447693e-001
  4.0000000e+000  3.8645566e-001  1.6493193e-001
  5.0000000e+000  5.6128350e-001  1.7482784e-001
  6.0000000e+000  7.1571476e-001  1.5443126e-001
  7.0000000e+000  8.3264128e-001  1.1692653e-001
  8.0000000e+000  9.1010511e-001  7.7463824e-002
  9.0000000e+000  9.5572269e-001  4.5617585e-002
  1.0000000e+001  9.7990001e-001  2.4177320e-002
  1.1000000e+001  1.0000000e+000  1.1649072e-002
