  5.0000000e+000  4.8004642e-002  2.1534100e+005
  1.0000000e+001  4.7522681e-002  2.1317900e+005
  1.5000000e+001  5.7838481e-002  2.5945400e+005
  2.0000000e+001  6.0049217e-002  2.6937100e+005
  2.5000000e+001  6.2868758e-002  2.8201900e+005
  3.0000000e+001  7.0351196e-002  3.1558400e+005
  3.5000000e+001  7.0826247e-002  3.1771500e+005
  4.0000000e+001  6.6960079e-002  3.0037200e+005
  4.5000000e+001  6.6130802e-002  2.9665200e+005
  5.0000000e+001  7.0864144e-002  3.1788500e+005
  5.5000000e+001  7.6223233e-002  3.4192500e+005
  6.0000000e+001  7.4129310e-002  3.3253200e+005
  6.5000000e+001  5.9678049e-002  2.6770600e+005
  7.0000000e+001  4.3098311e-002  1.9333200e+005
  7.5000000e+001  4.5391752e-002  2.0362000e+005
  8.0000000e+001  3.8413121e-002  1.7231500e+005
  8.5000000e+001  2.4429555e-002  1.0958700e+005
  9.0000000e+001  1.2573573e-002  5.6403000e+004
  9.5000000e+001  4.6468474e-003  2.0845000e+004
