  [0]
  4.0000000e+001  0.0000000e+000  0.0000000e+000
  5.0000000e+001  2.0000000e-001  2.0000000e-001
  7.0000000e+001  6.0000000e-001  4.0000000e-001
  1.0000000e+002  8.5000000e-001  2.5000000e-001
  1.5000000e+002  1.0000000e+000  1.5000000e-001
  [1]
  3
  7.0000000e-002
  1.0000000e+001
  5.0000000e-001

  [2]
  8.0000000e+001  0.0000000e+000  0.0000000e+000
  1.0000000e+002  4.0000000e-002  4.0000000e-002
  2.0000000e+002  9.5000000e-002  5.5000000e-002
  5.0000000e+002  4.5500000e-001  3.6000000e-001
  1.0000000e+003  8.9500000e-001  4.4000000e-001
  1.5000000e+003  9.7500000e-001  8.0000000e-002
  2.0000000e+003  1.0000000e+000  2.5000000e-002
  [3]
  3
  8.3000000e-002
  2.6000000e+001
  7.0000000e-001

  [4]
  8.0000000e+001  0.0000000e+000  0.0000000e+000
  1.0000000e+002  6.0000000e-002  6.0000000e-002
  2.0000000e+002  1.4000000e-001  8.0000000e-002
  5.0000000e+002  2.6000000e-001  1.2000000e-001
  1.0000000e+003  4.4000000e-001  1.8000000e-001
  1.5000000e+003  6.3000000e-001  1.9000000e-001
  2.0000000e+003  1.0000000e+000  3.7000000e-001
  [5]
  3
  9.1000000e-002
  2.0000000e+001
  5.5000000e-001

  [6]
  3.0000000e+000  6.4041620e-001  6.4041620e-001
  9.0000000e+000  8.7069949e-001  2.3028329e-001
  2.7000000e+001  9.5350563e-001  8.2806139e-002
  8.1000000e+001  9.8328138e-001  2.9775746e-002
  2.4300000e+002  9.9398825e-001  1.0706876e-002
  7.2900000e+002  9.9783827e-001  3.8500190e-003
  2.1870000e+003  9.9922268e-001  1.3844044e-003
  6.5610000e+003  9.9972049e-001  4.9780940e-004
  1.9683000e+004  1.0000000e+000  1.7900419e-004
  [7]
  3
  0.0000000e+000
  1.5000000e+001
  7.0000000e-001
