  1.0000000e+000  3.0000000e-002  3.0000000e-002
  2.0000000e+000  5.9000000e-002  2.9000000e-002
  3.0000000e+000  1.0800000e-001  4.9000000e-002
  4.0000000e+000  2.0200000e-001  9.4000000e-002
  5.0000000e+000  3.3100000e-001  1.2900000e-001
  6.0000000e+000  4.8000000e-001  1.4900000e-001
  7.0000000e+000  6.2800000e-001  1.4800000e-001
  8.0000000e+000  7.6200000e-001  1.3400000e-001
  9.0000000e+000  8.5600000e-001  9.4000000e-002
  1.0000000e+001  9.3000000e-001  7.4000000e-002
  1.1000000e+001  1.0000000e+000  7.0000000e-002
