  5.0000000e+000  1.6125419e-001  4.6958080e+006
  1.0000000e+001  1.3957855e-001  4.0646020e+006
  1.5000000e+001  1.4175688e-001  4.1280360e+006
  2.0000000e+001  1.1677743e-001  3.4006210e+006
  2.5000000e+001  9.2254421e-002  2.6864980e+006
  3.0000000e+001  6.9586945e-002  2.0264090e+006
  3.5000000e+001  6.0212289e-002  1.7534140e+006
  4.0000000e+001  5.1822710e-002  1.5091050e+006
  4.5000000e+001  4.2360933e-002  1.2335730e+006
  5.0000000e+001  3.4551392e-002  1.0061550e+006
  5.5000000e+001  2.7673909e-002  8.0587900e+005
  6.0000000e+001  2.1596754e-002  6.2890900e+005
  6.5000000e+001  1.6156263e-002  4.7047900e+005
  7.0000000e+001  1.1331695e-002  3.2998500e+005
  7.5000000e+001  7.1580762e-003  2.0844700e+005
  8.0000000e+001  3.8542219e-003  1.1223700e+005
  8.5000000e+001  1.5671073e-003  4.5635000e+004
  9.0000000e+001  4.3302777e-004  1.2610000e+004
  9.5000000e+001  7.3212943e-005  2.1320000e+003
