  5.0000000e+000  5.0231867e-002  5.5747000e+005
  1.0000000e+001  5.9940340e-002  6.6521400e+005
  1.5000000e+001  6.5650141e-002  7.2858100e+005
  2.0000000e+001  6.8780634e-002  7.6332300e+005
  2.5000000e+001  7.6425749e-002  8.4816800e+005
  3.0000000e+001  6.3870891e-002  7.0883500e+005
  3.5000000e+001  6.3701671e-002  7.0695700e+005
  4.0000000e+001  8.9735613e-002  9.9588000e+005
  4.5000000e+001  1.0031245e-001  1.1132610e+006
  5.0000000e+001  8.7377517e-002  9.6971000e+005
  5.5000000e+001  6.0336810e-002  6.6961400e+005
  6.0000000e+001  5.2204216e-002  5.7935900e+005
  6.5000000e+001  4.7900983e-002  5.3160200e+005
  7.0000000e+001  3.9746854e-002  4.4110800e+005
  7.5000000e+001  3.0039552e-002  3.3337700e+005
  8.0000000e+001  2.0849194e-002  2.3138300e+005
  8.5000000e+001  1.3181551e-002  1.4628800e+005
  9.0000000e+001  6.6801617e-003  7.4136000e+004
  9.5000000e+001  3.0338076e-003  3.3669000e+004
