  5.0000000e+000  9.2138360e-002  5.0294000e+004
  1.0000000e+001  9.4146226e-002  5.1390000e+004
  1.5000000e+001  9.7872504e-002  5.3424000e+004
  2.0000000e+001  8.7534556e-002  4.7781000e+004
  2.5000000e+001  9.1334114e-002  4.9855000e+004
  3.0000000e+001  9.9160397e-002  5.4127000e+004
  3.5000000e+001  7.2235565e-002  3.9430000e+004
  4.0000000e+001  7.4426631e-002  4.0626000e+004
  4.5000000e+001  7.4164656e-002  4.0483000e+004
  5.0000000e+001  6.2820943e-002  3.4291000e+004
  5.5000000e+001  4.2951124e-002  2.3445000e+004
  6.0000000e+001  3.2964919e-002  1.7994000e+004
  6.5000000e+001  2.2837650e-002  1.2466000e+004
  7.0000000e+001  1.8268655e-002  9.9720000e+003
  7.5000000e+001  1.6315748e-002  8.9060000e+003
  8.0000000e+001  1.1347377e-002  6.1940000e+003
  8.5000000e+001  6.2782471e-003  3.4270000e+003
  9.0000000e+001  2.5134972e-003  1.3720000e+003
  9.5000000e+001  6.8883014e-004  3.7600000e+002
