  5.0000000e+000  9.2834982e-002  7.5434620e+006
  1.0000000e+001  1.0316848e-001  8.3831280e+006
  1.5000000e+001  1.1371665e-001  9.2402370e+006
  2.0000000e+001  1.1181387e-001  9.0856230e+006
  2.5000000e+001  9.4864330e-002  7.7083600e+006
  3.0000000e+001  8.7294379e-002  7.0932510e+006
  3.5000000e+001  7.8362313e-002  6.3674610e+006
  4.0000000e+001  7.4197203e-002  6.0290180e+006
  4.5000000e+001  6.4534711e-002  5.2438760e+006
  5.0000000e+001  4.7758230e-002  3.8806750e+006
  5.5000000e+001  3.2516873e-002  2.6422130e+006
  6.0000000e+001  2.1431126e-002  1.7414220e+006
  6.5000000e+001  2.1369998e-002  1.7364550e+006
  7.0000000e+001  1.9027446e-002  1.5461070e+006
  7.5000000e+001  1.6713925e-002  1.3581180e+006
  8.0000000e+001  1.0934856e-002  8.8853000e+005
  8.5000000e+001  6.2174338e-003  5.0520800e+005
  9.0000000e+001  2.4148416e-003  1.9622200e+005
  9.5000000e+001  8.2835041e-004  6.7309000e+004
