  5.0000000e+000  1.6015782e-001  1.1309000e+005
  1.0000000e+001  1.4666287e-001  1.0356100e+005
  1.5000000e+001  1.2057084e-001  8.5137000e+004
  2.0000000e+001  9.9965162e-002  7.0587000e+004
  2.5000000e+001  8.8260286e-002  6.2322000e+004
  3.0000000e+001  7.9271678e-002  5.5975000e+004
  3.5000000e+001  6.4708915e-002  4.5692000e+004
  4.0000000e+001  6.1848195e-002  4.3672000e+004
  4.5000000e+001  4.0782251e-002  2.8797000e+004
  5.0000000e+001  3.3308975e-002  2.3520000e+004
  5.5000000e+001  2.6634434e-002  1.8807000e+004
  6.0000000e+001  2.2599686e-002  1.5958000e+004
  6.5000000e+001  1.9135666e-002  1.3512000e+004
  7.0000000e+001  1.4694469e-002  1.0376000e+004
  7.5000000e+001  1.0547842e-002  7.4480000e+003
  8.0000000e+001  6.4819378e-003  4.5770000e+003
  8.5000000e+001  2.9995072e-003  2.1180000e+003
  9.0000000e+001  1.0763104e-003  7.6000000e+002
  9.5000000e+001  2.9315297e-004  2.0700000e+002
