  5.0000000e+000  4.3406767e-002  1.9993400e+005
  1.0000000e+001  4.2832306e-002  1.9728800e+005
  1.5000000e+001  5.6585721e-002  2.6063700e+005
  2.0000000e+001  6.1716141e-002  2.8426800e+005
  2.5000000e+001  7.2785481e-002  3.3525400e+005
  3.0000000e+001  7.0318294e-002  3.2389000e+005
  3.5000000e+001  7.1708637e-002  3.3029400e+005
  4.0000000e+001  7.7799749e-002  3.5835000e+005
  4.5000000e+001  8.1210042e-002  3.7405800e+005
  5.0000000e+001  8.6232560e-002  3.9719200e+005
  5.5000000e+001  7.6410708e-002  3.5195200e+005
  6.0000000e+001  6.4917361e-002  2.9901300e+005
  6.5000000e+001  4.8135107e-002  2.2171300e+005
  7.0000000e+001  3.7299373e-002  1.7180300e+005
  7.5000000e+001  4.0715962e-002  1.8754000e+005
  8.0000000e+001  3.1867828e-002  1.4678500e+005
  8.5000000e+001  2.1444811e-002  9.8776000e+004
  9.0000000e+001  1.0306648e-002  4.7473000e+004
  9.5000000e+001  4.3065043e-003  1.9836000e+004
