  5.0000000e+000  1.3618930e-001  3.1915210e+006
  1.0000000e+001  1.2567059e-001  2.9450210e+006
  1.5000000e+001  1.1468305e-001  2.6875340e+006
  2.0000000e+001  1.1300590e-001  2.6482310e+006
  2.5000000e+001  1.0075415e-001  2.3611180e+006
  3.0000000e+001  8.0178931e-002  1.8789490e+006
  3.5000000e+001  7.0046796e-002  1.6415080e+006
  4.0000000e+001  6.1761941e-002  1.4473570e+006
  4.5000000e+001  5.1360459e-002  1.2036040e+006
  5.0000000e+001  4.0694409e-002  9.5365100e+005
  5.5000000e+001  3.1660613e-002  7.4194900e+005
  6.0000000e+001  2.2177267e-002  5.1971200e+005
  6.5000000e+001  1.6512956e-002  3.8697200e+005
  7.0000000e+001  1.3882725e-002  3.2533400e+005
  7.5000000e+001  1.0438607e-002  2.4462300e+005
  8.0000000e+001  6.3904642e-003  1.4975700e+005
  8.5000000e+001  3.1983685e-003  7.4952000e+004
  9.0000000e+001  1.1235170e-003  2.6329000e+004
  9.5000000e+001  2.6994449e-004  6.3260000e+003
