  1.0000000e+000  5.6161861e-003  5.6161861e-003
  2.0000000e+000  2.5694052e-002  2.0077865e-002
  3.0000000e+000  7.3546297e-002  4.7852246e-002
  4.0000000e+000  1.5908219e-001  8.5535889e-002
  5.0000000e+000  2.8139851e-001  1.2231632e-001
  6.0000000e+000  4.2715879e-001  1.4576028e-001
  7.0000000e+000  5.7604251e-001  1.4888372e-001
  8.0000000e+000  7.0910733e-001  1.3306482e-001
  9.0000000e+000  8.1481994e-001  1.0571261e-001
  1.0000000e+001  8.9040446e-001  7.5584516e-002
  1.1000000e+001  1.0000000e+000  4.9129935e-002
