  5.0000000e+000  1.5900055e-001  3.7357620e+006
  1.0000000e+001  1.4634873e-001  3.4385040e+006
  1.5000000e+001  1.2933889e-001  3.0388530e+006
  2.0000000e+001  1.1283987e-001  2.6512040e+006
  2.5000000e+001  9.9540388e-002  2.3387290e+006
  3.0000000e+001  8.5381926e-002  2.0060720e+006
  3.5000000e+001  6.9023489e-002  1.6217260e+006
  4.0000000e+001  4.5466542e-002  1.0682490e+006
  4.5000000e+001  3.3619650e-002  7.8990300e+005
  5.0000000e+001  3.1750764e-002  7.4599300e+005
  5.5000000e+001  2.7112002e-002  6.3700400e+005
  6.0000000e+001  1.9928388e-002  4.6822300e+005
  6.5000000e+001  1.4691208e-002  3.4517400e+005
  7.0000000e+001  1.0266914e-002  2.4122400e+005
  7.5000000e+001  7.0074935e-003  1.6464300e+005
  8.0000000e+001  4.6530203e-003  1.0932400e+005
  8.5000000e+001  2.6689194e-003  6.2707000e+004
  9.0000000e+001  1.0657461e-003  2.5040000e+004
  9.5000000e+001  2.9550620e-004  6.9430000e+003
