  5.0000000e+000  6.9257991e-002  2.2864300e+005
  1.0000000e+001  7.4956919e-002  2.4745700e+005
  1.5000000e+001  8.1787211e-002  2.7000600e+005
  2.0000000e+001  8.0431694e-002  2.6553100e+005
  2.5000000e+001  7.6632914e-002  2.5299000e+005
  3.0000000e+001  6.9188322e-002  2.2841300e+005
  3.5000000e+001  7.0647737e-002  2.3323100e+005
  4.0000000e+001  6.6267978e-002  2.1877200e+005
  4.5000000e+001  6.0232822e-002  1.9884800e+005
  5.0000000e+001  6.1064610e-002  2.0159400e+005
  5.5000000e+001  5.8366600e-002  1.9268700e+005
  6.0000000e+001  5.0528531e-002  1.6681100e+005
  6.5000000e+001  4.4228329e-002  1.4601200e+005
  7.0000000e+001  3.8616639e-002  1.2748600e+005
  7.5000000e+001  3.3057050e-002  1.0913200e+005
  8.0000000e+001  2.8388013e-002  9.3718000e+004
  8.5000000e+001  2.0479668e-002  6.7610000e+004
  9.0000000e+001  1.0786585e-002  3.5610000e+004
  9.5000000e+001  5.0803875e-003  1.6772000e+004
