  5.0000000e+000  1.8081944e-001  2.3760070e+006
  1.0000000e+001  1.4995884e-001  1.9704920e+006
  1.5000000e+001  1.2785266e-001  1.6800120e+006
  2.0000000e+001  1.1045889e-001  1.4514540e+006
  2.5000000e+001  9.4674602e-002  1.2440450e+006
  3.0000000e+001  7.5702391e-002  9.9474600e+005
  3.5000000e+001  5.7909842e-002  7.6094800e+005
  4.0000000e+001  4.5503123e-002  5.9792100e+005
  4.5000000e+001  3.7345572e-002  4.9072900e+005
  5.0000000e+001  3.1192174e-002  4.0987200e+005
  5.5000000e+001  2.5800712e-002  3.3902700e+005
  6.0000000e+001  2.0641361e-002  2.7123200e+005
  6.5000000e+001  1.6012823e-002  2.1041200e+005
  7.0000000e+001  1.1701403e-002  1.5375900e+005
  7.5000000e+001  7.7025352e-003  1.0121300e+005
  8.0000000e+001  4.2836425e-003  5.6288000e+004
  8.5000000e+001  1.8252359e-003  2.3984000e+004
  9.0000000e+001  5.1452719e-004  6.7610000e+003
  9.5000000e+001  1.0022664e-004  1.3170000e+003
