  5.0000000e+000  0.0000000e+000  1.4714155e-002  9.2959027e-002  1.1317488e-001  9.0886392e-002  1.0910052e-001  1.1563785e-001
  1.0000000e+001  0.0000000e+000  2.9906759e-002  1.4161705e-001  2.3174775e-001  2.3121099e-001  2.6571173e-001  2.7383094e-001
  1.5000000e+001  0.0000000e+000  4.5158234e-002  1.9274836e-001  3.3671584e-001  3.8002497e-001  4.4088884e-001  4.5225784e-001
  2.0000000e+001  1.2354320e-002  6.4151324e-002  2.5566147e-001  4.2473730e-001  4.9762797e-001  5.7334502e-001  5.9912962e-001
  2.5000000e+001  8.1639027e-002  1.0804896e-001  3.3915963e-001  4.8589173e-001  5.5655431e-001  6.3186633e-001  6.6972315e-001
  3.0000000e+001  1.9079346e-001  1.8078899e-001  4.4050699e-001  5.3937523e-001  5.8901373e-001  6.5781348e-001  7.0013810e-001
  3.5000000e+001  2.8498415e-001  2.3518819e-001  5.3696848e-001  6.3300303e-001  6.4344569e-001  7.0541441e-001  7.4216341e-001
  4.0000000e+001  3.5830367e-001  2.7242306e-001  6.0493962e-001  7.3754037e-001  7.4007491e-001  7.9390548e-001  8.0954522e-001
  4.5000000e+001  4.2067297e-001  3.0953925e-001  6.6920889e-001  8.3509278e-001  8.4594257e-001  8.8715406e-001  8.8098985e-001
  5.0000000e+001  4.8280518e-001  3.6357027e-001  7.5505895e-001  9.1612932e-001  9.2234707e-001  9.4662945e-001  9.3345324e-001
  5.5000000e+001  5.4949607e-001  4.5636215e-001  8.5239482e-001  9.6565254e-001  9.6329588e-001  9.7275066e-001  9.6214992e-001
  6.0000000e+001  6.1760242e-001  5.8036811e-001  9.2297298e-001  9.8672649e-001  9.8102372e-001  9.8346473e-001  9.7594424e-001
  6.5000000e+001  6.7536760e-001  6.8636404e-001  9.5541167e-001  9.9313051e-001  9.8676654e-001  9.8846077e-001  9.8326696e-001
  7.0000000e+001  7.3432391e-001  7.8123511e-001  9.7335995e-001  9.9599280e-001  9.9151061e-001  9.9185807e-001  9.8792395e-001
  7.5000000e+001  8.0806651e-001  8.6988915e-001  9.8524332e-001  9.9767075e-001  9.9525593e-001  9.9478478e-001  9.9185830e-001
  8.0000000e+001  8.9721723e-001  9.4164425e-001  9.9320313e-001  9.9877438e-001  9.9700375e-001  9.9737628e-001  9.9563207e-001
  8.5000000e+001  9.7960160e-001  9.8270671e-001  9.9767410e-001  9.9948667e-001  9.9800250e-001  9.9909104e-001  9.9832991e-001
  9.0000000e+001  9.9716058e-001  9.9694242e-001  9.9947735e-001  9.9988082e-001  9.9875156e-001  9.9979371e-001  9.9967883e-001
  9.5000000e+001  1.0000000e+000  1.0000000e+000  1.0000000e+000  1.0000000e+000  1.0000000e+000  1.0000000e+000  1.0000000e+000
