  5.0000000e+000  6.6290843e-002  2.9720200e+005
  1.0000000e+001  6.8556359e-002  3.0735900e+005
  1.5000000e+001  6.6914490e-002  2.9999800e+005
  2.0000000e+001  5.9621431e-002  2.6730100e+005
  2.5000000e+001  6.0852666e-002  2.7282100e+005
  3.0000000e+001  7.0572729e-002  3.1639900e+005
  3.5000000e+001  7.8215084e-002  3.5066200e+005
  4.0000000e+001  7.5367185e-002  3.3789400e+005
  4.5000000e+001  7.1044034e-002  3.1851200e+005
  5.0000000e+001  6.8905432e-002  3.0892400e+005
  5.5000000e+001  6.7052335e-002  3.0061600e+005
  6.0000000e+001  5.9928347e-002  2.6867700e+005
  6.5000000e+001  4.2441467e-002  1.9027800e+005
  7.0000000e+001  3.6228192e-002  1.6242200e+005
  7.5000000e+001  3.5604991e-002  1.5962800e+005
  8.0000000e+001  3.3117986e-002  1.4847800e+005
  8.5000000e+001  2.3917183e-002  1.0722800e+005
  9.0000000e+001  1.1728181e-002  5.2581000e+004
  9.5000000e+001  3.6410647e-003  1.6324000e+004
