  5.0000000e+000  0.0000000e+000  6.6203835e-003  4.1973799e-002  4.6312513e-002  5.7336739e-002  6.8666116e-002
  1.0000000e+001  0.0000000e+000  1.6520074e-002  8.8881646e-002  1.2197376e-001  1.4454504e-001  1.5476011e-001
  1.5000000e+001  0.0000000e+000  2.8737230e-002  1.3655203e-001  2.0905192e-001  2.3615287e-001  2.4119788e-001
  2.0000000e+001  4.9010461e-003  4.7402696e-002  1.9083702e-001  2.9674015e-001  3.2595210e-001  3.2490971e-001
  2.5000000e+001  3.5302459e-002  8.6855858e-002  2.5017568e-001  3.7392119e-001  4.1240695e-001  4.1331302e-001
  3.0000000e+001  1.2851563e-001  1.9729559e-001  3.2511341e-001  4.4045136e-001  4.8624414e-001  4.9889327e-001
  3.5000000e+001  2.5192186e-001  3.4407905e-001  4.1607558e-001  5.1029624e-001  5.5456647e-001  5.7440427e-001
  4.0000000e+001  3.8001455e-001  4.6588660e-001  5.2373726e-001  6.1049215e-001  6.4830305e-001  6.5902219e-001
  4.5000000e+001  4.8458783e-001  5.5348039e-001  6.2655535e-001  7.2453451e-001  7.5129366e-001  7.4023045e-001
  5.0000000e+001  5.6619833e-001  6.2326245e-001  7.1338787e-001  8.1441039e-001  8.2577437e-001  8.0017176e-001
  5.5000000e+001  6.3662288e-001  6.9062116e-001  7.8891768e-001  8.8072936e-001  8.8055949e-001  8.4749042e-001
  6.0000000e+001  6.7811384e-001  7.3573948e-001  8.3581356e-001  9.1433988e-001  9.0965032e-001  8.7755629e-001
  6.5000000e+001  7.3244828e-001  7.9474936e-001  8.8510396e-001  9.4274870e-001  9.3481905e-001  9.0739595e-001
  7.0000000e+001  8.0239392e-001  8.6380453e-001  9.3066391e-001  9.6562038e-001  9.5678702e-001  9.3724456e-001
  7.5000000e+001  8.7912826e-001  9.2704893e-001  9.6465128e-001  9.8166165e-001  9.7454643e-001  9.6318382e-001
  8.0000000e+001  9.3985023e-001  9.6849748e-001  9.8446747e-001  9.9113637e-001  9.8717131e-001  9.8167498e-001
  8.5000000e+001  9.7644015e-001  9.8924767e-001  9.9412998e-001  9.9635647e-001  9.9495213e-001  9.9278322e-001
  9.0000000e+001  1.0000000e+000  1.0000000e+000  1.0000000e+000  1.0000000e+000  1.0000000e+000  1.0000000e+000
