  5.0000000e+000  3.7053182e-002  2.6265200e+005
  1.0000000e+001  3.7242361e-002  2.6399300e+005
  1.5000000e+001  4.4447539e-002  3.1506700e+005
  2.0000000e+001  5.6078467e-002  3.9751300e+005
  2.5000000e+001  5.8103574e-002  4.1186800e+005
  3.0000000e+001  6.9511325e-002  4.9273200e+005
  3.5000000e+001  7.0485154e-002  4.9963500e+005
  4.0000000e+001  7.7606393e-002  5.5011400e+005
  4.5000000e+001  8.7536965e-002  6.2050700e+005
  5.0000000e+001  1.0369578e-001  7.3504900e+005
  5.5000000e+001  9.5460064e-002  6.7667000e+005
  6.0000000e+001  7.4092821e-002  5.2520800e+005
  6.5000000e+001  5.5455770e-002  3.9309900e+005
  7.0000000e+001  3.3680966e-002  2.3874800e+005
  7.5000000e+001  3.2545749e-002  2.3070100e+005
  8.0000000e+001  2.8963616e-002  2.0530900e+005
  8.5000000e+001  1.9991496e-002  1.4171000e+005
  9.0000000e+001  1.8048775e-002  8.1011000e+004
