  5.0000000e+000  0.0000000e+000  2.4545127e-002  6.9239904e-002  6.0099969e-002  5.9749814e-002  7.8697195e-002  1.2666388e-001
  1.0000000e+001  0.0000000e+000  4.0988482e-002  1.1793401e-001  1.5179692e-001  1.6079658e-001  1.9969713e-001  2.8285912e-001
  1.5000000e+001  0.0000000e+000  5.5479551e-002  1.6474852e-001  2.6278340e-001  3.0006282e-001  3.5363334e-001  4.5142394e-001
  2.0000000e+001  1.3028210e-002  7.6695863e-002  2.2994124e-001  3.7735806e-001  4.4833803e-001  5.0546753e-001  5.9517116e-001
  2.5000000e+001  8.8788129e-002  1.2892477e-001  3.3906417e-001  4.6927444e-001  5.5128143e-001  6.0287955e-001  6.7826695e-001
  3.0000000e+001  1.7798345e-001  1.9015659e-001  4.6435843e-001  5.4756743e-001  6.0726064e-001  6.5489230e-001  7.2992233e-001
  3.5000000e+001  2.3689933e-001  2.2668694e-001  5.4474064e-001  6.3427916e-001  6.6889198e-001  7.0841037e-001  7.8007401e-001
  4.0000000e+001  2.8997946e-001  2.5949758e-001  6.0681136e-001  7.3519962e-001  7.5855748e-001  7.8529033e-001  8.4243181e-001
  4.5000000e+001  3.4654291e-001  2.9988495e-001  6.7218967e-001  8.3563974e-001  8.5735879e-001  8.6908211e-001  9.0336437e-001
  5.0000000e+001  4.1341228e-001  3.6902733e-001  7.6404056e-001  9.1944546e-001  9.3208381e-001  9.2982845e-001  9.4569680e-001
  5.5000000e+001  4.8143565e-001  4.7254493e-001  8.5509609e-001  9.6419365e-001  9.6685432e-001  9.5963203e-001  9.6840922e-001
  6.0000000e+001  5.4919585e-001  5.8917285e-001  9.1296696e-001  9.8181264e-001  9.7969128e-001  9.7197297e-001  9.7836633e-001
  6.5000000e+001  6.2559055e-001  7.0876827e-001  9.4876441e-001  9.8985665e-001  9.8629022e-001  9.8033135e-001  9.8504145e-001
  7.0000000e+001  7.1914224e-001  8.1988901e-001  9.7112033e-001  9.9407042e-001  9.9070562e-001  9.8652442e-001  9.9010173e-001
  7.5000000e+001  8.2897074e-001  9.1028679e-001  9.8549434e-001  9.9664760e-001  9.9429351e-001  9.9205298e-001  9.9407019e-001
  8.0000000e+001  9.3589915e-001  9.6908142e-001  9.9405037e-001  9.9833323e-001  9.9728190e-001  9.9635197e-001  9.9741102e-001
  8.5000000e+001  9.8791597e-001  9.8919165e-001  9.9724276e-001  9.9917825e-001  9.9879196e-001  9.9839071e-001  9.9876435e-001
  9.0000000e+001  9.9843526e-001  9.9772656e-001  9.9922018e-001  9.9974725e-001  9.9965722e-001  9.9953891e-001  9.9966003e-001
  9.5000000e+001  1.0000000e+000  1.0000000e+000  1.0000000e+000  1.0000000e+000  1.0000000e+000  1.0000000e+000  1.0000000e+000
