  5.0000000e+000  5.1651213e-002  2.7097600e+005
  1.0000000e+001  6.3337429e-002  3.3228500e+005
  1.5000000e+001  7.5019071e-002  3.9357000e+005
  2.0000000e+001  8.2831866e-002  4.3455800e+005
  2.5000000e+001  8.7687891e-002  4.6003400e+005
  3.0000000e+001  8.1234920e-002  4.2618000e+005
  3.5000000e+001  6.7453309e-002  3.5387800e+005
  4.0000000e+001  7.1525920e-002  3.7524400e+005
  4.5000000e+001  7.5213495e-002  3.9459000e+005
  5.0000000e+001  7.7429928e-002  4.0621800e+005
  5.5000000e+001  6.4828966e-002  3.4011000e+005
  6.0000000e+001  4.8145672e-002  2.5258500e+005
  6.5000000e+001  4.1050530e-002  2.1536200e+005
  7.0000000e+001  3.6982875e-002  1.9402200e+005
  7.5000000e+001  3.2663994e-002  1.7136400e+005
  8.0000000e+001  2.5021796e-002  1.3127100e+005
  8.5000000e+001  1.0442475e-002  5.4784000e+004
  9.0000000e+001  5.6289559e-003  2.9531000e+004
  9.5000000e+001  1.8496965e-003  9.7040000e+003
