  5.0000000e+000  4.3724705e-002  4.4392700e+005
  1.0000000e+001  5.5335818e-002  5.6181200e+005
  1.5000000e+001  6.3701119e-002  6.4674300e+005
  2.0000000e+001  6.7013416e-002  6.8037200e+005
  2.5000000e+001  8.2538239e-002  8.3799200e+005
  3.0000000e+001  8.4752904e-002  8.6047700e+005
  3.5000000e+001  6.7354604e-002  6.8383600e+005
  4.0000000e+001  6.7508650e-002  6.8540000e+005
  4.5000000e+001  6.6254510e-002  6.7266700e+005
  5.0000000e+001  7.7475779e-002  7.8659400e+005
  5.5000000e+001  7.9743534e-002  8.0961800e+005
  6.0000000e+001  6.2777036e-002  6.3736100e+005
  6.5000000e+001  4.6368317e-002  4.7076700e+005
  7.0000000e+001  4.2488885e-002  4.3138000e+005
  7.5000000e+001  3.9526049e-002  4.0129900e+005
  8.0000000e+001  3.1192069e-002  3.1668600e+005
  8.5000000e+001  1.2492252e-002  1.2683100e+005
  9.0000000e+001  7.4950952e-003  7.6096000e+004
  9.5000000e+001  2.2570188e-003  2.2915000e+004
