  5.0000000e+000  1.1916640e-001  2.4655600e+005
  1.0000000e+001  1.2820939e-001  2.6526600e+005
  1.5000000e+001  1.2612675e-001  2.6095700e+005
  2.0000000e+001  1.1834523e-001  2.4485700e+005
  2.5000000e+001  1.0875609e-001  2.2501700e+005
  3.0000000e+001  9.1179049e-002  1.8865000e+005
  3.5000000e+001  6.7358915e-002  1.3936600e+005
  4.0000000e+001  5.0068970e-002  1.0359300e+005
  4.5000000e+001  4.1242993e-002  8.5332000e+004
  5.0000000e+001  3.6035178e-002  7.4557000e+004
  5.5000000e+001  3.0545102e-002  6.3198000e+004
  6.0000000e+001  2.5289439e-002  5.2324000e+004
  6.5000000e+001  2.0195688e-002  4.1785000e+004
  7.0000000e+001  1.5239202e-002  3.1530000e+004
  7.5000000e+001  1.0653908e-002  2.2043000e+004
  8.0000000e+001  6.5311555e-003  1.3513000e+004
  8.5000000e+001  3.3378347e-003  6.9060000e+003
  9.0000000e+001  1.3180242e-003  2.7270000e+003
  9.5000000e+001  4.0067549e-004  8.2900000e+002
