  5.0000000e+000  1.2636891e-001  2.4324600e+005
  1.0000000e+001  1.1053682e-001  2.1277100e+005
  1.5000000e+001  1.1056539e-001  2.1282600e+005
  2.0000000e+001  1.1696109e-001  2.2513700e+005
  2.5000000e+001  1.1513501e-001  2.2162200e+005
  3.0000000e+001  9.1588705e-002  1.7629800e+005
  3.5000000e+001  6.3521618e-002  1.2227200e+005
  4.0000000e+001  5.0292796e-002  9.6808000e+004
  4.5000000e+001  4.4918458e-002  8.6463000e+004
  5.0000000e+001  3.8700433e-002  7.4494000e+004
  5.5000000e+001  3.2057450e-002  6.1707000e+004
  6.0000000e+001  2.5720458e-002  4.9509000e+004
  6.5000000e+001  2.0415214e-002  3.9297000e+004
  7.0000000e+001  1.8368861e-002  3.5358000e+004
  7.5000000e+001  1.6127172e-002  3.1043000e+004
  8.0000000e+001  1.0771016e-002  2.0733000e+004
  8.5000000e+001  5.5914942e-003  1.0763000e+004
  9.0000000e+001  1.9305019e-003  3.7160000e+003
  9.5000000e+001  4.2859637e-004  8.2500000e+002
