  5.0000000e+000  8.0262484e-002  2.4915000e+004
  1.0000000e+001  8.0333356e-002  2.4937000e+004
  1.5000000e+001  8.8138935e-002  2.7360000e+004
  2.0000000e+001  9.1843605e-002  2.8510000e+004
  2.5000000e+001  8.0652280e-002  2.5036000e+004
  3.0000000e+001  8.0046647e-002  2.4848000e+004
  3.5000000e+001  8.1969854e-002  2.5445000e+004
  4.0000000e+001  8.2649580e-002  2.5656000e+004
  4.5000000e+001  7.7994582e-002  2.4211000e+004
  5.0000000e+001  6.7969422e-002  2.1099000e+004
  5.5000000e+001  5.3311814e-002  1.6549000e+004
  6.0000000e+001  4.2236461e-002  1.3111000e+004
  6.5000000e+001  3.1335066e-002  9.7270000e+003
  7.0000000e+001  2.3316872e-002  7.2380000e+003
  7.5000000e+001  1.6890074e-002  5.2430000e+003
  8.0000000e+001  1.1146225e-002  3.4600000e+003
  8.5000000e+001  5.9629082e-003  1.8510000e+003
  9.0000000e+001  2.7414559e-003  8.5100000e+002
  9.5000000e+001  1.1983803e-003  3.7200000e+002
