  1.0000000e+000  8.9784290e-003  8.9784290e-003
  2.0000000e+000  3.8607245e-002  2.9628816e-002
  3.0000000e+000  1.0379064e-001  6.5183395e-002
  4.0000000e+000  2.1134324e-001  1.0755260e-001
  5.0000000e+000  3.5331268e-001  1.4196943e-001
  6.0000000e+000  5.0947905e-001  1.5616638e-001
  7.0000000e+000  6.5672164e-001  1.4724258e-001
  8.0000000e+000  7.7819677e-001  1.2147513e-001
  9.0000000e+000  8.6727853e-001  8.9081764e-002
  1.0000000e+001  9.2607250e-001  5.8793964e-002
  1.1000000e+001  1.0000000e+000  3.5276378e-002
