  5.0000000e+000  8.0001084e-002  2.7669090e+006
  1.0000000e+001  8.0887428e-002  2.7975640e+006
  1.5000000e+001  8.6350059e-002  2.9864940e+006
  2.0000000e+001  1.0442948e-001  3.6117870e+006
  2.5000000e+001  1.0492786e-001  3.6290240e+006
  3.0000000e+001  1.0453484e-001  3.6154310e+006
  3.5000000e+001  9.2007915e-002  3.1821760e+006
  4.0000000e+001  7.5338518e-002  2.6056500e+006
  4.5000000e+001  6.5029922e-002  2.2491180e+006
  5.0000000e+001  5.4370924e-002  1.8804670e+006
  5.5000000e+001  4.3375458e-002  1.5001790e+006
  6.0000000e+001  3.2960721e-002  1.1399760e+006
  6.5000000e+001  2.4417209e-002  8.4449100e+005
  7.0000000e+001  1.7073464e-002  5.9050100e+005
  7.5000000e+001  1.3945714e-002  4.8232500e+005
  8.0000000e+001  1.0864140e-002  3.7574600e+005
  8.5000000e+001  6.1682373e-003  2.1333400e+005
  9.0000000e+001  2.4861292e-003  8.5985000e+004
  9.5000000e+001  8.3088788e-004  2.8737000e+004
