  1.0000000e+000  1.0633967e-002  1.0633967e-002
  2.0000000e+000  4.4662660e-002  3.4028693e-002
  3.0000000e+000  1.1725720e-001  7.2594545e-002
  4.0000000e+000  2.3340848e-001  1.1615127e-001
  5.0000000e+000  3.8208210e-001  1.4867363e-001
  6.0000000e+000  5.4066731e-001  1.5858520e-001
  7.0000000e+000  6.8565949e-001  1.4499219e-001
  8.0000000e+000  8.0165324e-001  1.1599375e-001
  9.0000000e+000  8.8413769e-001  8.2484444e-002
  1.0000000e+001  9.3692773e-001  5.2790044e-002
  1.1000000e+001  1.0000000e+000  3.0714207e-002
