  5.0000000e+000  1.1908918e-001  7.6947500e+005
  1.0000000e+001  1.1179936e-001  7.2237300e+005
  1.5000000e+001  9.7906253e-002  6.3260500e+005
  2.0000000e+001  9.2213001e-002  5.9581900e+005
  2.5000000e+001  9.3609617e-002  6.0484300e+005
  3.0000000e+001  9.3597235e-002  6.0476300e+005
  3.5000000e+001  8.4554985e-002  5.4633800e+005
  4.0000000e+001  7.4964241e-002  4.8436900e+005
  4.5000000e+001  6.3071186e-002  4.0752400e+005
  5.0000000e+001  4.6777647e-002  3.0224600e+005
  5.5000000e+001  3.3334912e-002  2.1538800e+005
  6.0000000e+001  2.4224719e-002  1.5652400e+005
  6.5000000e+001  2.0124327e-002  1.3003000e+005
  7.0000000e+001  1.5124895e-002  9.7727000e+004
  7.5000000e+001  1.2329188e-002  7.9663000e+004
  8.0000000e+001  8.9828200e-003  5.8041000e+004
  8.5000000e+001  5.2475232e-003  3.3906000e+004
  9.0000000e+001  2.3256807e-003  1.5027000e+004
  9.5000000e+001  7.2322527e-004  4.6730000e+003
