  5.0000000e+000  1.7185323e-001  2.6897980e+006
  1.0000000e+001  1.5199886e-001  2.3790430e+006
  1.5000000e+001  1.3031657e-001  2.0396780e+006
  2.0000000e+001  1.0476730e-001  1.6397880e+006
  2.5000000e+001  8.8344051e-002  1.3827360e+006
  3.0000000e+001  7.4673793e-002  1.1687730e+006
  3.5000000e+001  6.1491085e-002  9.6244100e+005
  4.0000000e+001  4.9053791e-002  7.6777600e+005
  4.5000000e+001  4.0083656e-002  6.2737800e+005
  5.0000000e+001  3.3267343e-002  5.2069100e+005
  5.5000000e+001  2.7610647e-002  4.3215400e+005
  6.0000000e+001  2.1974971e-002  3.4394600e+005
  6.5000000e+001  1.6977499e-002  2.6572700e+005
  7.0000000e+001  1.2333983e-002  1.9304800e+005
  7.5000000e+001  8.0901672e-003  1.2662500e+005
  8.0000000e+001  4.5318354e-003  7.0931000e+004
  8.5000000e+001  1.9631713e-003  3.0727000e+004
  9.0000000e+001  5.6664713e-004  8.8690000e+003
  9.5000000e+001  1.0139463e-004  1.5870000e+003
