  5.0000000e+000  9.6098517e-002  2.2553589e+007
  1.0000000e+001  9.6836275e-002  2.2726735e+007
  1.5000000e+001  9.4494733e-002  2.2177193e+007
  2.0000000e+001  9.0302713e-002  2.1193358e+007
  2.5000000e+001  8.8944787e-002  2.0874663e+007
  3.0000000e+001  8.7857538e-002  2.0619494e+007
  3.5000000e+001  8.2938584e-002  1.9465053e+007
  4.0000000e+001  7.4592233e-002  1.7506228e+007
  4.5000000e+001  6.5644528e-002  1.5406270e+007
  5.0000000e+001  5.7585135e-002  1.3514792e+007
  5.5000000e+001  4.7854146e-002  1.1231003e+007
  6.0000000e+001  3.3183588e-002  7.7879350e+006
  6.5000000e+001  2.6696194e-002  6.2653930e+006
  7.0000000e+001  2.3104198e-002  5.4223790e+006
  7.5000000e+001  1.6803039e-002  3.9435450e+006
  8.0000000e+001  9.9976236e-003  2.3463660e+006
  8.5000000e+001  4.8712320e-003  1.1432410e+006
  9.0000000e+001  1.7315987e-003  4.0639300e+005
  9.5000000e+001  4.6333845e-004  1.0874200e+005
