  5.0000000e+000  6.1579580e-002  1.3249960e+006
  1.0000000e+001  6.0474723e-002  1.3012230e+006
  1.5000000e+001  6.2125851e-002  1.3367500e+006
  2.0000000e+001  6.6895378e-002  1.4393750e+006
  2.5000000e+001  6.9306284e-002  1.4912500e+006
  3.0000000e+001  7.1698367e-002  1.5427200e+006
  3.5000000e+001  7.0972702e-002  1.5271060e+006
  4.0000000e+001  7.3818012e-002  1.5883280e+006
  4.5000000e+001  7.1827987e-002  1.5455090e+006
  5.0000000e+001  6.9805475e-002  1.5019910e+006
  5.5000000e+001  6.7049025e-002  1.4426810e+006
  6.0000000e+001  6.0884170e-002  1.3100330e+006
  6.5000000e+001  5.6067703e-002  1.2063980e+006
  7.0000000e+001  4.1590091e-002  8.9488600e+005
  7.5000000e+001  3.1992245e-002  6.8837100e+005
  8.0000000e+001  2.4821990e-002  5.3409000e+005
  8.5000000e+001  1.9896817e-002  4.2811600e+005
  9.0000000e+001  1.2256511e-002  2.6372100e+005
  9.5000000e+001  6.9370884e-003  1.4926400e+005
