  5.0000000e+000  8.5644774e-002  2.3863790e+006
  1.0000000e+001  8.9000001e-002  2.4798680e+006
  1.5000000e+001  9.8192109e-002  2.7359940e+006
  2.0000000e+001  1.1296629e-001  3.1476570e+006
  2.5000000e+001  1.1094032e-001  3.0912060e+006
  3.0000000e+001  9.4090283e-002  2.6217020e+006
  3.5000000e+001  7.7967110e-002  2.1724510e+006
  4.0000000e+001  6.8146514e-002  1.8988130e+006
  4.5000000e+001  5.8609728e-002  1.6330830e+006
  5.0000000e+001  5.7400771e-002  1.5993970e+006
  5.5000000e+001  4.7542096e-002  1.3246980e+006
  6.0000000e+001  3.2610726e-002  9.0865500e+005
  6.5000000e+001  1.9574726e-002  5.4542400e+005
  7.0000000e+001  1.2279675e-002  3.4215700e+005
  7.5000000e+001  1.5082248e-002  4.2024700e+005
  8.0000000e+001  9.3892821e-003  2.6162000e+005
  8.5000000e+001  6.9665588e-003  1.9411400e+005
  9.0000000e+001  2.7213199e-003  7.5826000e+004
  9.5000000e+001  8.7547645e-004  2.4394000e+004
