  5.0000000e+000  1.0307254e-001  9.7157300e+005
  1.0000000e+001  1.0776971e-001  1.0158490e+006
  1.5000000e+001  1.0450484e-001  9.8507400e+005
  2.0000000e+001  9.8032072e-002  9.2406100e+005
  2.5000000e+001  8.9526548e-002  8.4388700e+005
  3.0000000e+001  8.0049785e-002  7.5455800e+005
  3.5000000e+001  7.1907401e-002  6.7780700e+005
  4.0000000e+001  6.8125034e-002  6.4215400e+005
  4.5000000e+001  6.3022505e-002  5.9405700e+005
  5.0000000e+001  5.2851606e-002  4.9818500e+005
  5.5000000e+001  4.1891623e-002  3.9487500e+005
  6.0000000e+001  3.3397768e-002  3.1481100e+005
  6.5000000e+001  2.6513697e-002  2.4992100e+005
  7.0000000e+001  2.1263811e-002  2.0043500e+005
  7.5000000e+001  1.6425017e-002  1.5482400e+005
  8.0000000e+001  1.1966868e-002  1.1280100e+005
  8.5000000e+001  6.3274252e-003  5.9643000e+004
  9.0000000e+001  2.4984859e-003  2.3551000e+004
  9.5000000e+001  8.5326830e-004  8.0430000e+003
