  5.0000000e+000  8.2472655e-002  2.2175000e+004
  1.0000000e+001  8.4187193e-002  2.2636000e+004
  1.5000000e+001  8.6158355e-002  2.3166000e+004
  2.0000000e+001  9.2458634e-002  2.4860000e+004
  2.5000000e+001  9.0219692e-002  2.4258000e+004
  3.0000000e+001  8.0107261e-002  2.1539000e+004
  3.5000000e+001  7.4435523e-002  2.0014000e+004
  4.0000000e+001  7.6704218e-002  2.0624000e+004
  4.5000000e+001  7.6685622e-002  2.0619000e+004
  5.0000000e+001  6.6283096e-002  1.7822000e+004
  5.5000000e+001  5.4649524e-002  1.4694000e+004
  6.0000000e+001  4.2424603e-002  1.1407000e+004
  6.5000000e+001  3.1207578e-002  8.3910000e+003
  7.0000000e+001  2.4312232e-002  6.5370000e+003
  7.5000000e+001  1.7309030e-002  4.6540000e+003
  8.0000000e+001  1.1231902e-002  3.0200000e+003
  8.5000000e+001  5.7758752e-003  1.5530000e+003
  9.0000000e+001  2.3058871e-003  6.2000000e+002
  9.5000000e+001  1.0711217e-003  2.8800000e+002
