  5.0000000e+000  6.6566589e-002  2.0531000e+004
  1.0000000e+001  6.7506841e-002  2.0821000e+004
  1.5000000e+001  7.1070071e-002  2.1920000e+004
  2.0000000e+001  7.5891294e-002  2.3407000e+004
  2.5000000e+001  7.2065442e-002  2.2227000e+004
  3.0000000e+001  7.2071926e-002  2.2229000e+004
  3.5000000e+001  7.0593461e-002  2.1773000e+004
  4.0000000e+001  6.9640240e-002  2.1479000e+004
  4.5000000e+001  6.7085349e-002  2.0691000e+004
  5.0000000e+001  7.0230329e-002  2.1661000e+004
  5.5000000e+001  6.7169647e-002  2.0717000e+004
  6.0000000e+001  5.8341007e-002  1.7994000e+004
  6.5000000e+001  4.9058451e-002  1.5131000e+004
  7.0000000e+001  3.6695760e-002  1.1318000e+004
  7.5000000e+001  2.7173279e-002  8.3810000e+003
  8.0000000e+001  2.4517878e-002  7.5620000e+003
  8.5000000e+001  1.8574838e-002  5.7290000e+003
  9.0000000e+001  1.1078761e-002  3.4170000e+003
  9.5000000e+001  4.6688368e-003  1.4400000e+003
