  5.0000000e+000  1.0161572e-001  1.6877008e+007
  1.0000000e+001  1.0354234e-001  1.7196995e+007
  1.5000000e+001  1.0610586e-001  1.7622761e+007
  2.0000000e+001  1.0488878e-001  1.7420619e+007
  2.5000000e+001  9.6418254e-002  1.6013779e+007
  3.0000000e+001  8.9885240e-002  1.4928733e+007
  3.5000000e+001  8.1266447e-002  1.3497267e+007
  4.0000000e+001  6.9372006e-002  1.1521760e+007
  4.5000000e+001  5.8286241e-002  9.6805630e+006
  5.0000000e+001  4.7599388e-002  7.9056200e+006
  5.5000000e+001  3.7601320e-002  6.2450750e+006
  6.0000000e+001  3.0669231e-002  5.0937480e+006
  6.5000000e+001  2.4534208e-002  4.0748030e+006
  7.0000000e+001  1.9135549e-002  3.1781580e+006
  7.5000000e+001  1.3794389e-002  2.2910630e+006
  8.0000000e+001  8.5895014e-003  1.4266010e+006
  8.5000000e+001  4.5090937e-003  7.4890000e+005
  9.0000000e+001  1.7250761e-003  2.8651200e+005
  9.5000000e+001  4.6135573e-004  7.6625000e+004
