  5.0000000e+000  8.9146058e-002  1.7927348e+007
  1.0000000e+001  8.9145277e-002  1.7927191e+007
  1.5000000e+001  8.6775779e-002  1.7450683e+007
  2.0000000e+001  8.1819644e-002  1.6454000e+007
  2.5000000e+001  8.5859906e-002  1.7266500e+007
  3.0000000e+001  8.6134499e-002  1.7321721e+007
  3.5000000e+001  8.2562366e-002  1.6603362e+007
  4.0000000e+001  7.5858103e-002  1.5255129e+007
  4.5000000e+001  6.9961524e-002  1.4069322e+007
  5.0000000e+001  6.1657855e-002  1.2399447e+007
  5.5000000e+001  5.1309947e-002  1.0318474e+007
  6.0000000e+001  4.1741295e-002  8.3942100e+006
  6.5000000e+001  3.2410823e-002  6.5178440e+006
  7.0000000e+001  2.4024100e-002  4.8312670e+006
  7.5000000e+001  1.7931351e-002  3.6060100e+006
  8.0000000e+001  1.2274747e-002  2.4684620e+006
  8.5000000e+001  7.2603323e-003  1.4600590e+006
  9.0000000e+001  3.1423885e-003  6.3193700e+005
  9.5000000e+001  9.8400380e-004  1.9788400e+005
