  5.0000000e+000  1.0066475e-001  1.4884390e+006
  1.0000000e+001  1.0195887e-001  1.5075740e+006
  1.5000000e+001  1.0339326e-001  1.5287830e+006
  2.0000000e+001  9.7302541e-002  1.4387250e+006
  2.5000000e+001  9.1645403e-002  1.3550780e+006
  3.0000000e+001  8.3536368e-002  1.2351770e+006
  3.5000000e+001  7.5584845e-002  1.1176050e+006
  4.0000000e+001  6.5400279e-002  9.6701500e+005
  4.5000000e+001  5.8196621e-002  8.6050100e+005
  5.0000000e+001  5.1882244e-002  7.6713600e+005
  5.5000000e+001  4.4176425e-002  6.5319700e+005
  6.0000000e+001  3.6234033e-002  5.3576000e+005
  6.5000000e+001  2.7439421e-002  4.0572200e+005
  7.0000000e+001  2.1319078e-002  3.1522600e+005
  7.5000000e+001  1.6220235e-002  2.3983400e+005
  8.0000000e+001  1.2009050e-002  1.7756700e+005
  8.5000000e+001  7.8008405e-003  1.1534400e+005
  9.0000000e+001  3.8801986e-003  5.7373000e+004
  9.5000000e+001  1.3555299e-003  2.0043000e+004
