  5.0000000e+000  9.5116776e-002  6.6567000e+004
  1.0000000e+001  9.8713287e-002  6.9084000e+004
  1.5000000e+001  1.0165108e-001  7.1140000e+004
  2.0000000e+001  1.0807536e-001  7.5636000e+004
  2.5000000e+001  1.1093599e-001  7.7638000e+004
  3.0000000e+001  9.8344633e-002  6.8826000e+004
  3.5000000e+001  8.0093449e-002  5.6053000e+004
  4.0000000e+001  6.3498346e-002  4.4439000e+004
  4.5000000e+001  5.2345877e-002  3.6634000e+004
  5.0000000e+001  4.2952368e-002  3.0060000e+004
  5.5000000e+001  3.5800784e-002  2.5055000e+004
  6.0000000e+001  3.0170966e-002  2.1115000e+004
  6.5000000e+001  2.6141503e-002  1.8295000e+004
  7.0000000e+001  2.1683373e-002  1.5175000e+004
  7.5000000e+001  1.6140717e-002  1.1296000e+004
  8.0000000e+001  1.0355150e-002  7.2470000e+003
  8.5000000e+001  5.3940515e-003  3.7750000e+003
  9.0000000e+001  2.0375940e-003  1.4260000e+003
  9.5000000e+001  5.4869292e-004  3.8400000e+002
