  5.0000000e+000  0.0000000e+000  3.4979141e-003  5.3436252e-002  5.9790138e-002  7.2454867e-002  8.5077431e-002  1.1246050e-001
  1.0000000e+001  0.0000000e+000  9.4414992e-003  1.0049996e-001  1.3326978e-001  1.4561223e-001  1.7121802e-001  2.1918575e-001
  1.5000000e+001  0.0000000e+000  2.1169091e-002  1.5798135e-001  2.3901524e-001  2.5060800e-001  2.8270841e-001  3.5370286e-001
  2.0000000e+001  8.2822873e-003  4.1606889e-002  2.1856069e-001  3.3930665e-001  3.5293244e-001  3.8674785e-001  4.8111986e-001
  2.5000000e+001  4.0532311e-002  8.8933748e-002  3.0040019e-001  4.2664180e-001  4.4261155e-001  4.7381698e-001  5.8467639e-001
  3.0000000e+001  8.3487815e-002  1.4995181e-001  4.0019124e-001  5.0314091e-001  5.2478033e-001  5.5270166e-001  6.6047342e-001
  3.5000000e+001  1.3066282e-001  2.0272507e-001  5.2229372e-001  6.0768288e-001  6.1596369e-001  6.3715566e-001  7.2435113e-001
  4.0000000e+001  1.5964038e-001  2.2999810e-001  5.8823496e-001  6.8255791e-001  6.7344963e-001  6.8883221e-001  7.6641846e-001
  4.5000000e+001  2.0011075e-001  2.7192184e-001  6.6486942e-001  7.7199026e-001  7.4211466e-001  7.4735767e-001  8.1829099e-001
  5.0000000e+001  2.5743152e-001  3.4380761e-001  7.5568840e-001  8.5347070e-001  8.0797709e-001  8.0258984e-001  8.6833152e-001
  5.5000000e+001  3.2372788e-001  4.4170540e-001  8.3412144e-001  9.0600154e-001  8.5901842e-001  8.4848757e-001  9.0698669e-001
  6.0000000e+001  3.9168920e-001  5.3961088e-001  8.8342031e-001  9.3342310e-001  8.9338560e-001  8.8292456e-001  9.3049611e-001
  6.5000000e+001  4.9491779e-001  6.6659290e-001  9.2524695e-001  9.5540479e-001  9.2700981e-001  9.1973951e-001  9.5057578e-001
  7.0000000e+001  6.2954339e-001  7.9745525e-001  9.5577252e-001  9.7193394e-001  9.5608890e-001  9.5255659e-001  9.6776461e-001
  7.5000000e+001  7.8209629e-001  9.0276383e-001  9.7551624e-001  9.8400990e-001  9.7686435e-001  9.7554540e-001  9.8141324e-001
  8.0000000e+001  9.2029660e-001  9.6724778e-001  9.8852205e-001  9.9293201e-001  9.9049022e-001  9.8992387e-001  9.9191354e-001
  8.5000000e+001  9.8867660e-001  9.8921579e-001  9.9476454e-001  9.9713945e-001  9.9639741e-001  9.9599773e-001  9.9680664e-001
  9.0000000e+001  9.9878505e-001  9.9761401e-001  9.9854137e-001  9.9928342e-001  9.9911378e-001  9.9901547e-001  9.9919656e-001
  9.5000000e+001  1.0000000e+000  1.0000000e+000  1.0000000e+000  1.0000000e+000  1.0000000e+000  1.0000000e+000  1.0000000e+000
