  5.0000000e+000  5.1232635e-002  1.0939890e+006
  1.0000000e+001  5.3331087e-002  1.1387980e+006
  1.5000000e+001  7.2693190e-002  1.5522440e+006
  2.0000000e+001  7.2692722e-002  1.5522340e+006
  2.5000000e+001  7.6474421e-002  1.6329860e+006
  3.0000000e+001  7.7747429e-002  1.6601690e+006
  3.5000000e+001  8.9398241e-002  1.9089530e+006
  4.0000000e+001  5.4826261e-002  1.1707250e+006
  4.5000000e+001  6.6935127e-002  1.4292900e+006
  5.0000000e+001  7.4107815e-002  1.5824510e+006
  5.5000000e+001  6.6030820e-002  1.4099800e+006
  6.0000000e+001  4.9103696e-002  1.0485290e+006
  6.5000000e+001  5.3404892e-002  1.1403740e+006
  7.0000000e+001  5.1012670e-002  1.0892920e+006
  7.5000000e+001  4.1782039e-002  8.9218700e+005
  8.0000000e+001  2.9268038e-002  6.2497100e+005
  8.5000000e+001  1.2360208e-002  2.6393200e+005
  9.0000000e+001  5.7670076e-003  1.2314500e+005
  9.5000000e+001  1.8317022e-003  3.9113000e+004
