  5.0000000e+000  1.7095711e-001  6.1260600e+005
  1.0000000e+001  1.4864472e-001  5.3265200e+005
  1.5000000e+001  1.2215360e-001  4.3772400e+005
  2.0000000e+001  8.5153723e-002  3.0513900e+005
  2.5000000e+001  9.7460226e-002  3.4923800e+005
  3.0000000e+001  8.2098795e-002  2.9419200e+005
  3.5000000e+001  6.3670714e-002  2.2815700e+005
  4.0000000e+001  5.0830638e-002  1.8214600e+005
  4.5000000e+001  4.2472910e-002  1.5219700e+005
  5.0000000e+001  3.5276372e-002  1.2640900e+005
  5.5000000e+001  2.9652368e-002  1.0625600e+005
  6.0000000e+001  2.4272825e-002  8.6979000e+004
  6.5000000e+001  1.8789470e-002  6.7330000e+004
  7.0000000e+001  1.3260907e-002  4.7519000e+004
  7.5000000e+001  8.3462866e-003  2.9908000e+004
  8.0000000e+001  4.4767664e-003  1.6042000e+004
  8.5000000e+001  1.8850865e-003  6.7550000e+003
  9.0000000e+001  5.1654997e-004  1.8510000e+003
  9.5000000e+001  8.0928953e-005  2.9000000e+002
