  5.0000000e+000  1.5580284e-001  7.5485400e+005
  1.0000000e+001  1.3551937e-001  6.5658200e+005
  1.5000000e+001  1.1975981e-001  5.8022800e+005
  2.0000000e+001  1.0792393e-001  5.2288400e+005
  2.5000000e+001  9.7026975e-002  4.7008900e+005
  3.0000000e+001  7.9545818e-002  3.8539400e+005
  3.5000000e+001  6.3844253e-002  3.0932100e+005
  4.0000000e+001  5.3091778e-002  2.5722600e+005
  4.5000000e+001  4.7111920e-002  2.2825400e+005
  5.0000000e+001  3.6105571e-002  1.7492900e+005
  5.5000000e+001  2.8307524e-002  1.3714800e+005
  6.0000000e+001  2.0910308e-002  1.0130900e+005
  6.5000000e+001  1.7101998e-002  8.2858000e+004
  7.0000000e+001  1.4721159e-002  7.1323000e+004
  7.5000000e+001  1.0977246e-002  5.3184000e+004
  8.0000000e+001  7.2593397e-003  3.5171000e+004
  8.5000000e+001  3.5705359e-003  1.7299000e+004
  9.0000000e+001  1.1727721e-003  5.6820000e+003
  9.5000000e+001  2.4685594e-004  1.1960000e+003
